-0.510836 0.940868 -0.471624
-0.484636 0.855464 -0.493244
-0.527368 0.9139 -0.485236
-0.484636 0.855464 -0.493244
-0.537452 0.786456 -0.457956
-0.527368 0.9139 -0.485236
-0.510836 0.940868 -0.471624
-0.527368 0.9139 -0.485236
-0.572556 0.95366 -0.437504
-0.537064 0.729672 -0.401824
-0.537452 0.786456 -0.457956
-0.484636 0.855464 -0.493244
-0.56084 0.796876 -0.391246
-0.527368 0.9139 -0.485236
-0.537452 0.786456 -0.457956
-0.498564 0.840968 -0.378384
-0.484636 0.855464 -0.493244
-0.510836 0.940868 -0.471624
-0.527368 0.9139 -0.485236
-0.626668 0.920284 -0.400172
-0.572556 0.95366 -0.437504
-0.626668 0.920284 -0.400172
-0.527368 0.9139 -0.485236
-0.573808 0.874116 -0.405824
-0.498564 0.840968 -0.378384
-0.503004 0.789152 -0.379305
-0.484636 0.855464 -0.493244
-0.498564 0.840968 -0.378384
-0.510836 0.940868 -0.471624
-0.518156 0.871704 -0.370067
-0.527368 0.9139 -0.485236
-0.56084 0.796876 -0.391246
-0.573808 0.874116 -0.405824
-0.484636 0.855464 -0.493244
-0.503004 0.789152 -0.379305
-0.537064 0.729672 -0.401824
-0.626668 0.920284 -0.400172
-0.573808 0.874116 -0.405824
-0.591856 0.812464 -0.306843
-0.577628 0.700508 -0.334868
-0.537452 0.786456 -0.457956
-0.537064 0.729672 -0.401824
-0.518156 0.871704 -0.370067
-0.510836 0.940868 -0.471624
-0.572556 0.95366 -0.437504
-0.60048 0.892636 -0.311552
-0.572556 0.95366 -0.437504
-0.626668 0.920284 -0.400172
-0.503004 0.789152 -0.379305
-0.502996 0.708124 -0.214315
-0.537064 0.729672 -0.401824
-0.537452 0.786456 -0.457956
-0.577628 0.700508 -0.334868
-0.56084 0.796876 -0.391246
-0.63678 0.855156 -0.315697
-0.60048 0.892636 -0.311552
-0.626668 0.920284 -0.400172
-0.626668 0.920284 -0.400172
-0.591856 0.812464 -0.306843
-0.63678 0.855156 -0.315697
-0.573808 0.874116 -0.405824
-0.56084 0.796876 -0.391246
-0.591856 0.812464 -0.306843
-0.518156 0.871704 -0.370067
-0.572556 0.95366 -0.437504
-0.530856 0.85562 -0.281342
-0.530856 0.85562 -0.281342
-0.572556 0.95366 -0.437504
-0.60048 0.892636 -0.311552
-0.4905 0.769664 -0.198315
-0.503004 0.789152 -0.379305
-0.498564 0.840968 -0.378384
-0.537064 0.729672 -0.401824
-0.534688 0.67184 -0.18569
-0.577628 0.700508 -0.334868
-0.152554 0.141108 -0.31515
-0.129036 0.223676 -0.300025
-0.0386133 0.17668 -0.299841
-0.599688 0.707528 -0.218008
-0.600304 0.726968 -0.150536
-0.577628 0.700508 -0.334868
-0.0326562 0.109284 -0.294829
-0.170405 0.072496 -0.311771
-0.152554 0.141108 -0.31515
-0.0326562 0.109284 -0.294829
-0.113454 0.00296402 -0.293908
-0.170405 0.072496 -0.311771
-0.577628 0.700508 -0.334868
-0.600304 0.726968 -0.150536
-0.56084 0.796876 -0.391246
-0.152554 0.141108 -0.31515
-0.170405 0.072496 -0.311771
-0.221571 0.179252 -0.291444
-0.502996 0.708124 -0.214315
-0.503004 0.789152 -0.379305
-0.4905 0.769664 -0.198315
-0.129036 0.223676 -0.300025
-0.152554 0.141108 -0.31515
-0.221571 0.179252 -0.291444
-0.4905 0.769664 -0.198315
-0.498564 0.840968 -0.378384
-0.518156 0.871704 -0.370067
-0.0386133 0.17668 -0.299841
-0.0326562 0.109284 -0.294829
-0.152554 0.141108 -0.31515
-0.221571 0.179252 -0.291444
-0.170405 0.072496 -0.311771
-0.251554 0.112112 -0.261302
-0.129036 0.223676 -0.300025
-0.221571 0.179252 -0.291444
-0.188971 0.239536 -0.275068
-0.0386133 0.17668 -0.299841
-0.129036 0.223676 -0.300025
-0.0167605 0.218452 -0.282243
-0.129019 -0.050956 -0.276512
-0.170405 0.072496 -0.311771
-0.113454 0.00296402 -0.293908
0.0596392 0.13522 -0.269366
-0.0326562 0.109284 -0.294829
-0.0386133 0.17668 -0.299841
0.0596392 0.13522 -0.269366
-0.0386133 0.17668 -0.299841
-0.0167605 0.218452 -0.282243
-0.569672 0.858908 -0.21199
-0.530856 0.85562 -0.281342
-0.60048 0.892636 -0.311552
-0.170405 0.072496 -0.311771
-0.22512 0.01632 -0.239579
-0.251554 0.112112 -0.261302
-0.0167605 0.218452 -0.282243
-0.129036 0.223676 -0.300025
0.0119621 0.264068 -0.255024
-0.113454 0.00296402 -0.293908
-0.0323601 -0.070732 -0.255991
-0.129019 -0.050956 -0.276512
0.0596392 0.13522 -0.269366
0.0878268 0.05708 -0.253846
-0.0326562 0.109284 -0.294829
-0.129036 0.223676 -0.300025
-0.188971 0.239536 -0.275068
-0.104022 0.272204 -0.250972
-0.0326562 0.109284 -0.294829
0.0878268 0.05708 -0.253846
-0.113454 0.00296402 -0.293908
0.0172834 0.012276 -0.271749
-0.113454 0.00296402 -0.293908
0.0878268 0.05708 -0.253846
0.0172834 0.012276 -0.271749
-0.0323601 -0.070732 -0.255991
-0.113454 0.00296402 -0.293908
0.0893912 0.222252 -0.249365
0.0596392 0.13522 -0.269366
-0.0167605 0.218452 -0.282243
-0.129036 0.223676 -0.300025
-0.104022 0.272204 -0.250972
0.0119621 0.264068 -0.255024
0.0893912 0.222252 -0.249365
-0.0167605 0.218452 -0.282243
0.0119621 0.264068 -0.255024
-0.221571 0.179252 -0.291444
-0.237592 0.243136 -0.198012
-0.188971 0.239536 -0.275068
-0.584524 0.688428 -0.23569
-0.599688 0.707528 -0.218008
-0.577628 0.700508 -0.334868
-0.577628 0.700508 -0.334868
-0.534688 0.67184 -0.18569
-0.584524 0.688428 -0.23569
-0.0323601 -0.070732 -0.255991
-0.0793724 -0.124452 -0.238536
-0.129019 -0.050956 -0.276512
-0.0793724 -0.124452 -0.238536
-0.181711 -0.126556 -0.21967
-0.129019 -0.050956 -0.276512
-0.129019 -0.050956 -0.276512
-0.22512 0.01632 -0.239579
-0.170405 0.072496 -0.311771
0.0172834 0.012276 -0.271749
0.0436996 -0.055888 -0.245587
-0.0323601 -0.070732 -0.255991
-0.502996 0.708124 -0.214315
-0.534688 0.67184 -0.18569
-0.537064 0.729672 -0.401824
0.115825 0.117224 -0.240228
0.0596392 0.13522 -0.269366
0.0893912 0.222252 -0.249365
-0.251554 0.112112 -0.261302
-0.269147 0.19054 -0.199037
-0.221571 0.179252 -0.291444
0.0878268 0.05708 -0.253846
0.0596392 0.13522 -0.269366
0.115825 0.117224 -0.240228
-0.63678 0.855156 -0.315697
-0.60004 0.765308 -0.0475604
-0.60048 0.892636 -0.311552
0.0172834 0.012276 -0.271749
0.16092 -0.00650799 -0.218153
0.0436996 -0.055888 -0.245587
-0.188971 0.239536 -0.275068
-0.082042 0.299032 -0.195668
-0.104022 0.272204 -0.250972
-0.213542 -0.065924 -0.214408
-0.22512 0.01632 -0.239579
-0.129019 -0.050956 -0.276512
-0.63678 0.855156 -0.315697
-0.591856 0.812464 -0.306843
-0.62708 0.77698 -0.175975
0.0878268 0.05708 -0.253846
0.16092 -0.00650799 -0.218153
0.0172834 0.012276 -0.271749
0.0273078 -0.104798 -0.23532
-0.0793724 -0.124452 -0.238536
-0.0323601 -0.070732 -0.255991
0.0436996 -0.055888 -0.245587
0.0273078 -0.104798 -0.23532
-0.0323601 -0.070732 -0.255991
0.184555 0.055244 -0.21462
0.0878268 0.05708 -0.253846
0.115825 0.117224 -0.240228
-0.188971 0.239536 -0.275068
-0.186941 0.272616 -0.199597
-0.082042 0.299032 -0.195668
0.184555 0.055244 -0.21462
0.16092 -0.00650799 -0.218153
0.0878268 0.05708 -0.253846
-0.276098 -0.161012 -0.238896
-0.271675 -0.220369 -0.246831
-0.310278 -0.231244 -0.239904
0.17082 -0.062616 -0.215132
0.0436996 -0.055888 -0.245587
0.16092 -0.00650799 -0.218153
-0.221571 0.179252 -0.291444
-0.269147 0.19054 -0.199037
-0.237592 0.243136 -0.198012
-0.101304 -0.153229 -0.216089
-0.181711 -0.126556 -0.21967
-0.0793724 -0.124452 -0.238536
-0.522464 0.80542 -0.158313
-0.518156 0.871704 -0.370067
-0.530856 0.85562 -0.281342
-0.129019 -0.050956 -0.276512
-0.181711 -0.126556 -0.21967
-0.213542 -0.065924 -0.214408
-0.101304 -0.153229 -0.216089
-0.271675 -0.220369 -0.246831
-0.276098 -0.161012 -0.238896
0.17082 -0.062616 -0.215132
0.100511 -0.125416 -0.20615
0.0436996 -0.055888 -0.245587
0.0273078 -0.104798 -0.23532
0.100511 -0.125416 -0.20615
-0.0793724 -0.124452 -0.238536
-0.101304 -0.153229 -0.216089
-0.103407 -0.210601 -0.208011
-0.271675 -0.220369 -0.246831
0.0119621 0.264068 -0.255024
0.144532 0.252344 -0.1944
0.0893912 0.222252 -0.249365
0.0436996 -0.055888 -0.245587
0.100511 -0.125416 -0.20615
0.0273078 -0.104798 -0.23532
-0.101304 -0.153229 -0.216089
-0.276098 -0.161012 -0.238896
-0.181711 -0.126556 -0.21967
-0.63678 0.855156 -0.315697
-0.62708 0.77698 -0.175975
-0.60004 0.765308 -0.0475604
-0.0673252 0.89034 -0.228665
-0.0830464 0.927204 -0.241682
-0.0913524 0.955264 -0.214934
-0.0830464 0.927204 -0.241682
-0.126376 0.962988 -0.21151
-0.133496 0.999924 -0.17982
0.100511 -0.125416 -0.20615
-0.101304 -0.153229 -0.216089
-0.0793724 -0.124452 -0.238536
-0.350598 -0.218313 -0.21305
-0.276098 -0.161012 -0.238896
-0.310278 -0.231244 -0.239904
-0.104022 0.272204 -0.250972
-0.082042 0.299032 -0.195668
0.0119621 0.264068 -0.255024
-0.276098 -0.161012 -0.238896
-0.228884 -0.103763 -0.188426
-0.181711 -0.126556 -0.21967
0.20563 0.1967 -0.188725
0.115825 0.117224 -0.240228
0.0893912 0.222252 -0.249365
-0.0830464 0.927204 -0.241682
-0.133496 0.999924 -0.17982
-0.0913524 0.955264 -0.214934
-0.188971 0.239536 -0.275068
-0.237592 0.243136 -0.198012
-0.186941 0.272616 -0.199597
0.0893912 0.222252 -0.249365
0.144532 0.252344 -0.1944
0.20563 0.1967 -0.188725
-0.271675 -0.220369 -0.246831
-0.103407 -0.210601 -0.208011
-0.0554588 -0.228042 -0.183568
-0.181711 -0.126556 -0.21967
-0.228884 -0.103763 -0.188426
-0.213542 -0.065924 -0.214408
0.184555 0.055244 -0.21462
0.115825 0.117224 -0.240228
0.20563 0.1967 -0.188725
-0.310278 -0.231244 -0.239904
-0.271675 -0.220369 -0.246831
-0.0554588 -0.228042 -0.183568
-0.0830464 0.927204 -0.241682
-0.18865 0.931148 -0.160204
-0.126376 0.962988 -0.21151
-0.60004 0.765308 -0.0475604
-0.569672 0.858908 -0.21199
-0.60048 0.892636 -0.311552
-0.251554 0.112112 -0.261302
-0.22512 0.01632 -0.239579
-0.286048 0.13024 -0.168185
-0.350598 -0.218313 -0.21305
-0.35488 -0.175648 -0.170129
-0.276098 -0.161012 -0.238896
-0.251554 0.112112 -0.261302
-0.286048 0.13024 -0.168185
-0.269147 0.19054 -0.199037
0.0119621 0.264068 -0.255024
-0.082042 0.299032 -0.195668
0.0460808 0.297468 -0.178678
0.17082 -0.062616 -0.215132
0.179143 -0.133414 -0.158168
0.100511 -0.125416 -0.20615
-0.0913524 0.955264 -0.214934
-0.133496 0.999924 -0.17982
-0.1297 0.964032 -0.157952
0.16092 -0.00650799 -0.218153
0.240066 -0.01046 -0.157748
0.17082 -0.062616 -0.215132
-0.101304 -0.153229 -0.216089
0.0926468 -0.207436 -0.180624
-0.103407 -0.210601 -0.208011
0.218195 -0.103787 -0.154863
0.179143 -0.133414 -0.158168
0.17082 -0.062616 -0.215132
-0.310278 -0.231244 -0.239904
-0.0554588 -0.228042 -0.183568
-0.245106 -0.229698 -0.17417
-0.530856 0.85562 -0.281342
-0.569672 0.858908 -0.21199
-0.522464 0.80542 -0.158313
0.0119621 0.264068 -0.255024
0.0460808 0.297468 -0.178678
0.144532 0.252344 -0.1944
-0.307763 -0.13283 -0.181214
-0.228884 -0.103763 -0.188426
-0.276098 -0.161012 -0.238896
-0.0673252 0.89034 -0.228665
-0.146073 0.82694 -0.147296
-0.0830464 0.927204 -0.241682
-0.286048 0.13024 -0.168185
-0.22512 0.01632 -0.239579
-0.213542 -0.065924 -0.214408
0.100511 -0.125416 -0.20615
0.0926468 -0.207436 -0.180624
-0.101304 -0.153229 -0.216089
-0.276098 -0.161012 -0.238896
-0.35488 -0.175648 -0.170129
-0.307763 -0.13283 -0.181214
-0.591856 0.812464 -0.306843
-0.56084 0.796876 -0.391246
-0.600304 0.726968 -0.150536
-0.4905 0.769664 -0.198315
-0.518156 0.871704 -0.370067
-0.522464 0.80542 -0.158313
-0.103407 -0.210601 -0.208011
0.0926468 -0.207436 -0.180624
-0.0554588 -0.228042 -0.183568
-0.187312 0.353016 -0.181586
-0.082042 0.299032 -0.195668
-0.186941 0.272616 -0.199597
-0.186941 0.272616 -0.199597
-0.237592 0.243136 -0.198012
-0.284552 0.339572 -0.166529
-0.187312 0.353016 -0.181586
-0.125952 0.354216 -0.176313
-0.082042 0.299032 -0.195668
0.20563 0.1967 -0.188725
0.256486 0.110316 -0.15442
0.184555 0.055244 -0.21462
-0.237592 0.243136 -0.198012
-0.269147 0.19054 -0.199037
-0.362954 0.238904 -0.178332
-0.146073 0.82694 -0.147296
-0.0673252 0.89034 -0.228665
-0.0811496 0.830824 -0.170776
-0.082042 0.299032 -0.195668
-0.0514904 0.38384 -0.17536
0.0460808 0.297468 -0.178678
-0.146073 0.82694 -0.147296
-0.184084 0.874252 -0.162809
-0.0830464 0.927204 -0.241682
-0.0830464 0.927204 -0.241682
-0.184084 0.874252 -0.162809
-0.18865 0.931148 -0.160204
0.17082 -0.062616 -0.215132
0.23908 -0.0548 -0.132265
0.218195 -0.103787 -0.154863
-0.125952 0.354216 -0.176313
-0.0514904 0.38384 -0.17536
-0.082042 0.299032 -0.195668
0.23908 -0.0548 -0.132265
0.17082 -0.062616 -0.215132
0.240066 -0.01046 -0.157748
-0.187312 0.353016 -0.181586
-0.186941 0.272616 -0.199597
-0.284552 0.339572 -0.166529
-0.0928976 0.820012 -0.112826
-0.0673252 0.89034 -0.228665
-0.0913524 0.955264 -0.214934
-0.284552 0.339572 -0.166529
-0.237592 0.243136 -0.198012
-0.362954 0.238904 -0.178332
0.179143 -0.133414 -0.158168
0.0926468 -0.207436 -0.180624
0.100511 -0.125416 -0.20615
0.137338 0.31414 -0.174719
0.144532 0.252344 -0.1944
0.0460808 0.297468 -0.178678
-0.584856 0.642452 -0.0590488
-0.584524 0.688428 -0.23569
-0.534688 0.67184 -0.18569
-0.286048 0.13024 -0.168185
-0.362954 0.238904 -0.178332
-0.269147 0.19054 -0.199037
-0.599688 0.707528 -0.218008
-0.584524 0.688428 -0.23569
-0.584856 0.642452 -0.0590488
-0.310278 -0.231244 -0.239904
-0.245106 -0.229698 -0.17417
-0.313429 -0.227628 -0.126559
-0.591856 0.812464 -0.306843
-0.600304 0.726968 -0.150536
-0.62708 0.77698 -0.175975
-0.286048 0.13024 -0.168185
-0.213542 -0.065924 -0.214408
-0.258486 -0.058708 -0.0859228
0.179143 -0.133414 -0.158168
0.13012 -0.219835 -0.141416
0.0926468 -0.207436 -0.180624
-0.434832 0.155328 -0.172862
-0.450088 0.213496 -0.174012
-0.433372 0.288768 -0.176108
-0.18865 0.931148 -0.160204
-0.224916 0.943716 -0.111708
-0.126376 0.962988 -0.21151
-0.433372 0.288768 -0.176108
-0.362954 0.238904 -0.178332
-0.434832 0.155328 -0.172862
-0.0554588 -0.228042 -0.183568
0.0367145 -0.225113 -0.129622
-0.245106 -0.229698 -0.17417
-0.362954 0.238904 -0.178332
-0.34105 0.155928 -0.164382
-0.434832 0.155328 -0.172862
-0.284552 0.339572 -0.166529
-0.362954 0.238904 -0.178332
-0.433372 0.288768 -0.176108
-0.126376 0.962988 -0.21151
-0.224916 0.943716 -0.111708
-0.133496 0.999924 -0.17982
0.256486 0.110316 -0.15442
0.16092 -0.00650799 -0.218153
0.184555 0.055244 -0.21462
-0.1297 0.964032 -0.157952
-0.114094 0.877216 -0.144654
-0.0913524 0.955264 -0.214934
-0.286048 0.13024 -0.168185
-0.34105 0.155928 -0.164382
-0.362954 0.238904 -0.178332
0.0460808 0.297468 -0.178678
0.124898 0.346512 -0.152298
0.137338 0.31414 -0.174719
-0.0928976 0.820012 -0.112826
-0.0913524 0.955264 -0.214934
-0.114094 0.877216 -0.144654
-0.0811496 0.830824 -0.170776
-0.0673252 0.89034 -0.228665
-0.0928976 0.820012 -0.112826
0.144532 0.252344 -0.1944
0.137338 0.31414 -0.174719
0.199557 0.30914 -0.150494
-0.284552 0.339572 -0.166529
-0.433372 0.288768 -0.176108
-0.298708 0.367916 -0.158638
0.0460808 0.297468 -0.178678
-0.0184304 0.403628 -0.156156
0.124898 0.346512 -0.152298
0.144532 0.252344 -0.1944
0.199557 0.30914 -0.150494
0.20563 0.1967 -0.188725
-0.0514904 0.38384 -0.17536
-0.0184304 0.403628 -0.156156
0.0460808 0.297468 -0.178678
-0.213542 -0.065924 -0.214408
-0.228884 -0.103763 -0.188426
-0.258486 -0.058708 -0.0859228
-0.34105 0.155928 -0.164382
-0.388617 0.064156 -0.121384
-0.434832 0.155328 -0.172862
-0.434832 0.155328 -0.172862
-0.509468 0.182184 -0.155033
-0.450088 0.213496 -0.174012
-0.284552 0.339572 -0.166529
-0.166424 0.418936 -0.13336
-0.187312 0.353016 -0.181586
-0.388617 0.064156 -0.121384
-0.466888 0.075396 -0.133923
-0.434832 0.155328 -0.172862
-0.0554588 -0.228042 -0.183568
0.0926468 -0.207436 -0.180624
0.13012 -0.219835 -0.141416
0.124898 0.346512 -0.152298
-0.0184304 0.403628 -0.156156
0.0416328 0.414384 -0.158706
-0.298708 0.367916 -0.158638
-0.433372 0.288768 -0.176108
-0.421116 0.3807 -0.146484
0.256486 0.110316 -0.15442
0.240066 -0.01046 -0.157748
0.16092 -0.00650799 -0.218153
-0.166424 0.418936 -0.13336
-0.125952 0.354216 -0.176313
-0.187312 0.353016 -0.181586
-0.450088 0.213496 -0.174012
-0.483128 0.283892 -0.148891
-0.433372 0.288768 -0.176108
0.20563 0.1967 -0.188725
0.199557 0.30914 -0.150494
0.29013 0.200664 -0.135968
-0.522464 0.80542 -0.158313
-0.569672 0.858908 -0.21199
-0.562148 0.752888 -0.000810488
-0.286048 0.13024 -0.168185
-0.293239 0.082044 -0.140393
-0.34105 0.155928 -0.164382
-0.4905 0.769664 -0.198315
-0.522464 0.80542 -0.158313
-0.50696 0.712876 -0.0392806
-0.483128 0.283892 -0.148891
-0.450088 0.213496 -0.174012
-0.509468 0.182184 -0.155033
-0.562148 0.752888 -0.000810488
-0.569672 0.858908 -0.21199
-0.60004 0.765308 -0.0475604
-0.421116 0.3807 -0.146484
-0.433372 0.288768 -0.176108
-0.483128 0.283892 -0.148891
-0.466888 0.075396 -0.133923
-0.509468 0.182184 -0.155033
-0.434832 0.155328 -0.172862
-0.342544 0.414952 -0.128334
-0.298708 0.367916 -0.158638
-0.421116 0.3807 -0.146484
0.29013 0.200664 -0.135968
0.256486 0.110316 -0.15442
0.20563 0.1967 -0.188725
-0.125952 0.354216 -0.176313
-0.0184304 0.403628 -0.156156
-0.0514904 0.38384 -0.17536
-0.298708 0.367916 -0.158638
-0.282307 0.421744 -0.125078
-0.284552 0.339572 -0.166529
-0.483128 0.283892 -0.148891
-0.525288 0.3129 -0.133529
-0.421116 0.3807 -0.146484
0.137338 0.31414 -0.174719
0.124898 0.346512 -0.152298
0.199557 0.30914 -0.150494
-0.342544 0.414952 -0.128334
-0.282307 0.421744 -0.125078
-0.298708 0.367916 -0.158638
-0.599688 0.707528 -0.218008
-0.584856 0.642452 -0.0590488
-0.61548 0.679584 -0.0414608
-0.18865 0.931148 -0.160204
-0.184084 0.874252 -0.162809
-0.31533 0.839984 -0.09682
-0.293239 0.082044 -0.140393
-0.345214 0.069212 -0.141998
-0.34105 0.155928 -0.164382
-0.345214 0.069212 -0.141998
-0.388617 0.064156 -0.121384
-0.34105 0.155928 -0.164382
-0.509468 0.182184 -0.155033
-0.52706 0.104604 -0.132086
-0.588332 0.168408 -0.126384
-0.228884 -0.103763 -0.188426
-0.264034 -0.089732 -0.0830264
-0.258486 -0.058708 -0.0859228
-0.282307 0.421744 -0.125078
-0.166424 0.418936 -0.13336
-0.284552 0.339572 -0.166529
-0.237232 -0.19154 -0.142198
-0.245106 -0.229698 -0.17417
0.0367145 -0.225113 -0.129622
-0.525288 0.3129 -0.133529
-0.509468 0.182184 -0.155033
-0.588332 0.168408 -0.126384
-0.0554588 -0.228042 -0.183568
0.13012 -0.219835 -0.141416
0.0367145 -0.225113 -0.129622
-0.466888 0.075396 -0.133923
-0.52706 0.104604 -0.132086
-0.509468 0.182184 -0.155033
-0.398016 0.471148 -0.100335
-0.342544 0.414952 -0.128334
-0.421116 0.3807 -0.146484
-0.237232 -0.19154 -0.142198
-0.313429 -0.227628 -0.126559
-0.245106 -0.229698 -0.17417
0.29013 0.200664 -0.135968
0.199557 0.30914 -0.150494
0.316808 0.257148 -0.0702668
0.0329353 -0.191058 -0.10241
-0.237232 -0.19154 -0.142198
0.0367145 -0.225113 -0.129622
-0.483128 0.283892 -0.148891
-0.509468 0.182184 -0.155033
-0.525288 0.3129 -0.133529
-0.182109 0.9686 -0.0891568
-0.133496 0.999924 -0.17982
-0.220401 0.953468 -0.0715596
-0.182109 0.9686 -0.0891568
-0.1297 0.964032 -0.157952
-0.133496 0.999924 -0.17982
-0.286048 0.13024 -0.168185
-0.258486 -0.058708 -0.0859228
-0.293239 0.082044 -0.140393
-0.224916 0.943716 -0.111708
-0.220401 0.953468 -0.0715596
-0.133496 0.999924 -0.17982
0.13012 -0.219835 -0.141416
0.0959968 -0.223946 -0.0893904
0.0367145 -0.225113 -0.129622
0.319713 0.050908 -0.0824428
0.240066 -0.01046 -0.157748
0.256486 0.110316 -0.15442
-0.307763 -0.13283 -0.181214
-0.35488 -0.175648 -0.170129
-0.332942 -0.105216 -0.0858284
-0.421116 0.3807 -0.146484
-0.525288 0.3129 -0.133529
-0.542528 0.431276 -0.0722136
-0.0515552 0.478244 -0.0935732
-0.0184304 0.403628 -0.156156
-0.125952 0.354216 -0.176313
0.302038 -0.012228 -0.0813448
0.240066 -0.01046 -0.157748
0.319713 0.050908 -0.0824428
0.333906 0.127408 -0.0550648
0.319713 0.050908 -0.0824428
0.256486 0.110316 -0.15442
0.256486 0.110316 -0.15442
0.29013 0.200664 -0.135968
0.323774 0.189412 -0.100536
-0.166424 0.418936 -0.13336
-0.0515552 0.478244 -0.0935732
-0.125952 0.354216 -0.176313
-0.389729 -0.230536 -0.105958
-0.35488 -0.175648 -0.170129
-0.350598 -0.218313 -0.21305
-0.293239 0.082044 -0.140393
-0.306672 -0.020788 -0.0949552
-0.345214 0.069212 -0.141998
-0.228884 -0.103763 -0.188426
-0.307763 -0.13283 -0.181214
-0.264034 -0.089732 -0.0830264
0.0416328 0.414384 -0.158706
-0.0184304 0.403628 -0.156156
0.0725844 0.46496 -0.113206
-0.293194 0.806184 -0.013195
-0.114094 0.877216 -0.144654
-0.1297 0.964032 -0.157952
-0.30579 0.780692 -0.102141
-0.184084 0.874252 -0.162809
-0.146073 0.82694 -0.147296
0.333906 0.127408 -0.0550648
0.256486 0.110316 -0.15442
0.323774 0.189412 -0.100536
-0.502016 0.64356 -0.0499168
-0.502996 0.708124 -0.214315
-0.4905 0.769664 -0.198315
-0.525288 0.3129 -0.133529
-0.588332 0.168408 -0.126384
-0.60944 0.257528 -0.108948
-0.201388 0.761668 -0.0828324
-0.146073 0.82694 -0.147296
-0.0811496 0.830824 -0.170776
-0.30579 0.780692 -0.102141
-0.31533 0.839984 -0.09682
-0.184084 0.874252 -0.162809
0.0416328 0.414384 -0.158706
0.201956 0.413372 -0.0874236
0.124898 0.346512 -0.152298
0.0725844 0.46496 -0.113206
0.201956 0.413372 -0.0874236
0.0416328 0.414384 -0.158706
-0.421116 0.3807 -0.146484
-0.542528 0.431276 -0.0722136
-0.398016 0.471148 -0.100335
-0.307763 -0.13283 -0.181214
-0.332942 -0.105216 -0.0858284
-0.264034 -0.089732 -0.0830264
0.316808 0.257148 -0.0702668
0.199557 0.30914 -0.150494
0.294018 0.316272 -0.0798776
-0.388617 0.064156 -0.121384
-0.433608 0.019356 -0.0768064
-0.466888 0.075396 -0.133923
-0.258486 -0.058708 -0.0859228
-0.306672 -0.020788 -0.0949552
-0.293239 0.082044 -0.140393
-0.584856 0.642452 -0.0590488
-0.534688 0.67184 -0.18569
-0.540856 0.637908 -0.0825376
0.201956 0.413372 -0.0874236
0.199557 0.30914 -0.150494
0.124898 0.346512 -0.152298
-0.310278 -0.231244 -0.239904
-0.313429 -0.227628 -0.126559
-0.339142 -0.22919 -0.0430548
-0.132322 0.778196 -0.075248
-0.201388 0.761668 -0.0828324
-0.0811496 0.830824 -0.170776
-0.398016 0.471148 -0.100335
-0.324695 0.495552 -0.0784348
-0.342544 0.414952 -0.128334
-0.306672 -0.020788 -0.0949552
-0.388617 0.064156 -0.121384
-0.345214 0.069212 -0.141998
-0.132322 0.778196 -0.075248
-0.0811496 0.830824 -0.170776
-0.0928976 0.820012 -0.112826
-0.502996 0.708124 -0.214315
-0.502016 0.64356 -0.0499168
-0.534688 0.67184 -0.18569
0.23908 -0.0548 -0.132265
0.240066 -0.01046 -0.157748
0.302038 -0.012228 -0.0813448
-0.18865 0.931148 -0.160204
-0.328031 0.877172 -0.0613324
-0.224916 0.943716 -0.111708
-0.389729 -0.230536 -0.105958
-0.373209 -0.15977 -0.0958424
-0.35488 -0.175648 -0.170129
-0.525188 0.00241601 -0.022148
-0.52706 0.104604 -0.132086
-0.466888 0.075396 -0.133923
-0.342544 0.414952 -0.128334
-0.324695 0.495552 -0.0784348
-0.282307 0.421744 -0.125078
0.0329353 -0.191058 -0.10241
0.0367145 -0.225113 -0.129622
0.0959968 -0.223946 -0.0893904
-0.282307 0.421744 -0.125078
-0.116343 0.49508 -0.0467956
-0.166424 0.418936 -0.13336
-0.313429 -0.227628 -0.126559
-0.237232 -0.19154 -0.142198
-0.301994 -0.193192 -0.0575412
0.0329353 -0.191058 -0.10241
0.0443916 -0.185887 -0.0614336
-0.237232 -0.19154 -0.142198
-0.592252 0.083568 -0.0626636
-0.588332 0.168408 -0.126384
-0.52706 0.104604 -0.132086
-0.586704 0.412908 -0.058834
-0.525288 0.3129 -0.133529
-0.60944 0.257528 -0.108948
-0.328031 0.877172 -0.0613324
-0.18865 0.931148 -0.160204
-0.31533 0.839984 -0.09682
0.179143 -0.133414 -0.158168
0.218195 -0.103787 -0.154863
0.258322 -0.099112 -0.0594996
-0.350598 -0.218313 -0.21305
-0.310278 -0.231244 -0.239904
-0.389729 -0.230536 -0.105958
-0.35488 -0.175648 -0.170129
-0.373209 -0.15977 -0.0958424
-0.332942 -0.105216 -0.0858284
-0.588332 0.168408 -0.126384
-0.66356 0.162636 -0.0356042
-0.60944 0.257528 -0.108948
0.199557 0.30914 -0.150494
0.201956 0.413372 -0.0874236
0.294018 0.316272 -0.0798776
-0.62708 0.77698 -0.175975
-0.600304 0.726968 -0.150536
-0.613284 0.727084 -0.064484
0.258322 -0.099112 -0.0594996
0.218195 -0.103787 -0.154863
0.23908 -0.0548 -0.132265
-0.542528 0.431276 -0.0722136
-0.525288 0.3129 -0.133529
-0.586704 0.412908 -0.058834
-0.600304 0.726968 -0.150536
-0.599688 0.707528 -0.218008
-0.613284 0.727084 -0.064484
-0.306672 -0.020788 -0.0949552
-0.332942 -0.105216 -0.0858284
-0.388617 0.064156 -0.121384
0.29013 0.200664 -0.135968
0.316808 0.257148 -0.0702668
0.323774 0.189412 -0.100536
0.258322 -0.099112 -0.0594996
0.23908 -0.0548 -0.132265
0.302038 -0.012228 -0.0813448
0.173107 0.477292 -0.0388274
0.201956 0.413372 -0.0874236
0.0725844 0.46496 -0.113206
-0.542528 0.431276 -0.0722136
-0.475288 0.470984 -0.07122
-0.398016 0.471148 -0.100335
0.0329353 -0.191058 -0.10241
0.0959968 -0.223946 -0.0893904
0.0443916 -0.185887 -0.0614336
-0.293194 0.806184 -0.013195
-0.0928976 0.820012 -0.112826
-0.114094 0.877216 -0.144654
-0.50696 0.712876 -0.0392806
-0.502016 0.64356 -0.0499168
-0.4905 0.769664 -0.198315
-0.599688 0.707528 -0.218008
-0.61548 0.679584 -0.0414608
-0.613284 0.727084 -0.064484
-0.264034 -0.089732 -0.0830264
-0.306672 -0.020788 -0.0949552
-0.258486 -0.058708 -0.0859228
-0.525892 -0.2328 -0.0601544
-0.373209 -0.15977 -0.0958424
-0.389729 -0.230536 -0.105958
-0.50696 0.712876 -0.0392806
-0.522464 0.80542 -0.158313
-0.562148 0.752888 -0.000810488
-0.166424 0.418936 -0.13336
-0.116343 0.49508 -0.0467956
-0.0515552 0.478244 -0.0935732
-0.433608 0.019356 -0.0768064
-0.525188 0.00241601 -0.022148
-0.466888 0.075396 -0.133923
-0.592252 0.083568 -0.0626636
-0.66356 0.162636 -0.0356042
-0.588332 0.168408 -0.126384
-0.525188 0.00241601 -0.022148
-0.592252 0.083568 -0.0626636
-0.52706 0.104604 -0.132086
-0.146073 0.82694 -0.147296
-0.407424 0.650988 0.00293538
-0.30579 0.780692 -0.102141
-0.306672 -0.020788 -0.0949552
-0.264034 -0.089732 -0.0830264
-0.332942 -0.105216 -0.0858284
-0.502016 0.64356 -0.0499168
-0.540856 0.637908 -0.0825376
-0.534688 0.67184 -0.18569
0.26412 0.388696 -0.0507512
0.294018 0.316272 -0.0798776
0.201956 0.413372 -0.0874236
-0.0184304 0.403628 -0.156156
-0.0515552 0.478244 -0.0935732
0.0725844 0.46496 -0.113206
-0.282307 0.421744 -0.125078
-0.238767 0.476968 -0.04986
-0.116343 0.49508 -0.0467956
-0.398016 0.471148 -0.100335
-0.475288 0.470984 -0.07122
-0.402868 0.526032 -0.0309468
-0.66356 0.162636 -0.0356042
-0.592252 0.083568 -0.0626636
-0.634456 0.100976 -0.0329989
-0.613284 0.727084 -0.064484
-0.60004 0.765308 -0.0475604
-0.62708 0.77698 -0.175975
-0.586704 0.412908 -0.058834
-0.60944 0.257528 -0.108948
-0.661576 0.322856 -0.0351949
-0.332942 -0.105216 -0.0858284
-0.426572 -0.08494 -0.050196
-0.388617 0.064156 -0.121384
-0.30579 0.780692 -0.102141
-0.44094 0.704956 -0.0178735
-0.31533 0.839984 -0.09682
-0.21123 0.77544 -0.00164714
-0.0928976 0.820012 -0.112826
-0.293194 0.806184 -0.013195
-0.613284 0.727084 -0.064484
-0.6187 0.723676 -0.00706104
-0.60004 0.765308 -0.0475604
-0.407424 0.650988 0.00293538
-0.44094 0.704956 -0.0178735
-0.30579 0.780692 -0.102141
-0.220401 0.953468 -0.0715596
-0.224916 0.943716 -0.111708
-0.328031 0.877172 -0.0613324
-0.332942 -0.105216 -0.0858284
-0.373209 -0.15977 -0.0958424
-0.426572 -0.08494 -0.050196
-0.310278 -0.231244 -0.239904
-0.339142 -0.22919 -0.0430548
-0.389729 -0.230536 -0.105958
-0.388617 0.064156 -0.121384
-0.426572 -0.08494 -0.050196
-0.433608 0.019356 -0.0768064
0.0959968 -0.223946 -0.0893904
0.13012 -0.219835 -0.141416
0.163026 -0.223088 0.00274908
-0.542528 0.431276 -0.0722136
-0.598132 0.52106 -0.0678812
-0.542732 0.614652 -0.065508
-0.0515552 0.478244 -0.0935732
-0.116343 0.49508 -0.0467956
-0.0506736 0.510748 -0.0616052
-0.475288 0.470984 -0.07122
-0.542528 0.431276 -0.0722136
-0.542732 0.614652 -0.065508
-0.540856 0.637908 -0.0825376
-0.542732 0.614652 -0.065508
-0.584856 0.642452 -0.0590488
-0.542528 0.431276 -0.0722136
-0.586704 0.412908 -0.058834
-0.598132 0.52106 -0.0678812
-0.475288 0.470984 -0.07122
-0.542732 0.614652 -0.065508
-0.465276 0.576 -0.0469804
0.193762 -0.17934 -0.043046
0.179143 -0.133414 -0.158168
0.258322 -0.099112 -0.0594996
0.323796 -0.021384 -0.035471
0.258322 -0.099112 -0.0594996
0.302038 -0.012228 -0.0813448
-0.316394 0.833792 0.0258657
-0.1297 0.964032 -0.157952
-0.182109 0.9686 -0.0891568
-0.31533 0.839984 -0.09682
-0.47514 0.742716 0.0135263
-0.328031 0.877172 -0.0613324
-0.324695 0.495552 -0.0784348
-0.238767 0.476968 -0.04986
-0.282307 0.421744 -0.125078
-0.525892 -0.2328 -0.0601544
-0.535948 -0.184724 -0.0488864
-0.373209 -0.15977 -0.0958424
0.13012 -0.219835 -0.141416
0.179143 -0.133414 -0.158168
0.163026 -0.223088 0.00274908
-0.426572 -0.08494 -0.050196
-0.373209 -0.15977 -0.0958424
-0.454868 -0.130686 -0.0386016
0.173107 0.477292 -0.0388274
0.26412 0.388696 -0.0507512
0.201956 0.413372 -0.0874236
0.163026 -0.223088 0.00274908
0.179143 -0.133414 -0.158168
0.193762 -0.17934 -0.043046
-0.31533 0.839984 -0.09682
-0.44094 0.704956 -0.0178735
-0.47514 0.742716 0.0135263
-0.502016 0.64356 -0.0499168
-0.542732 0.614652 -0.065508
-0.540856 0.637908 -0.0825376
-0.454868 -0.130686 -0.0386016
-0.373209 -0.15977 -0.0958424
-0.535948 -0.184724 -0.0488864
-0.201388 0.761668 -0.0828324
-0.407424 0.650988 0.00293538
-0.146073 0.82694 -0.147296
-0.237232 -0.19154 -0.142198
0.0443916 -0.185887 -0.0614336
-0.205307 -0.196947 0.102141
-0.542732 0.614652 -0.065508
-0.598132 0.52106 -0.0678812
-0.584856 0.642452 -0.0590488
-0.313429 -0.227628 -0.126559
-0.301994 -0.193192 -0.0575412
-0.339142 -0.22919 -0.0430548
-0.60944 0.257528 -0.108948
-0.66356 0.162636 -0.0356042
-0.675376 0.227412 -0.0340957
-0.293194 0.806184 -0.013195
-0.1297 0.964032 -0.157952
-0.316394 0.833792 0.0258657
-0.475288 0.470984 -0.07122
-0.465276 0.576 -0.0469804
-0.402868 0.526032 -0.0309468
0.0725844 0.46496 -0.113206
-0.0515552 0.478244 -0.0935732
0.0446364 0.545392 0.00227055
-0.502016 0.64356 -0.0499168
-0.465276 0.576 -0.0469804
-0.542732 0.614652 -0.065508
0.407564 -0.01592 -0.0368848
0.31054 -0.112317 -0.050268
0.258322 -0.099112 -0.0594996
0.0725844 0.46496 -0.113206
0.0446364 0.545392 0.00227055
0.173107 0.477292 -0.0388274
-0.237232 -0.19154 -0.142198
-0.205307 -0.196947 0.102141
-0.301994 -0.193192 -0.0575412
-0.132322 0.778196 -0.075248
-0.0928976 0.820012 -0.112826
-0.21123 0.77544 -0.00164714
-0.398016 0.471148 -0.100335
-0.402868 0.526032 -0.0309468
-0.324695 0.495552 -0.0784348
-0.586704 0.412908 -0.058834
-0.691616 0.495292 -0.0220064
-0.598132 0.52106 -0.0678812
-0.675376 0.227412 -0.0340957
-0.661576 0.322856 -0.0351949
-0.60944 0.257528 -0.108948
0.323796 -0.021384 -0.035471
0.302038 -0.012228 -0.0813448
0.319713 0.050908 -0.0824428
-0.584856 0.642452 -0.0590488
-0.598132 0.52106 -0.0678812
-0.644424 0.598636 -0.0272412
0.407564 -0.01592 -0.0368848
0.389678 -0.103713 -0.0297253
0.31054 -0.112317 -0.050268
0.31054 -0.112317 -0.050268
0.193762 -0.17934 -0.043046
0.258322 -0.099112 -0.0594996
-0.132322 0.778196 -0.075248
-0.255332 0.730832 -0.0128769
-0.201388 0.761668 -0.0828324
-0.5775 -0.220563 -0.000887412
-0.535948 -0.184724 -0.0488864
-0.525892 -0.2328 -0.0601544
0.389678 -0.103713 -0.0297253
0.300612 -0.175559 -0.0100667
0.31054 -0.112317 -0.050268
-0.661576 0.322856 -0.0351949
-0.656116 0.38766 -0.00161456
-0.586704 0.412908 -0.058834
0.323796 -0.021384 -0.035471
0.407564 -0.01592 -0.0368848
0.258322 -0.099112 -0.0594996
0.316808 0.257148 -0.0702668
0.360308 0.204892 0.00125418
0.323774 0.189412 -0.100536
0.319713 0.050908 -0.0824428
0.333906 0.127408 -0.0550648
0.359612 0.11764 -0.000104771
-0.457496 -0.029756 0.00533836
-0.525188 0.00241601 -0.022148
-0.433608 0.019356 -0.0768064
-0.50696 0.712876 -0.0392806
-0.477596 0.664684 -0.0216546
-0.502016 0.64356 -0.0499168
-0.535948 -0.184724 -0.0488864
-0.546964 -0.152153 0.0102498
-0.454868 -0.130686 -0.0386016
-0.598132 0.52106 -0.0678812
-0.691616 0.495292 -0.0220064
-0.644424 0.598636 -0.0272412
-0.0515552 0.478244 -0.0935732
-0.0506736 0.510748 -0.0616052
0.0446364 0.545392 0.00227055
-0.613284 0.727084 -0.064484
-0.61548 0.679584 -0.0414608
-0.6187 0.723676 -0.00706104
0.330279 0.329532 0.023258
0.294018 0.316272 -0.0798776
0.26412 0.388696 -0.0507512
0.259708 0.442024 0.0353311
0.26412 0.388696 -0.0507512
0.173107 0.477292 -0.0388274
-0.584856 0.642452 -0.0590488
-0.644424 0.598636 -0.0272412
-0.61548 0.679584 -0.0414608
-0.586704 0.412908 -0.058834
-0.656116 0.38766 -0.00161456
-0.691616 0.495292 -0.0220064
0.333906 0.127408 -0.0550648
0.323774 0.189412 -0.100536
0.360308 0.204892 0.00125418
-0.433608 0.019356 -0.0768064
-0.426572 -0.08494 -0.050196
-0.457496 -0.029756 0.00533836
-0.402868 0.526032 -0.0309468
-0.296783 0.520204 0.0192821
-0.324695 0.495552 -0.0784348
-0.116343 0.49508 -0.0467956
-0.072914 0.531604 0.00934656
-0.0506736 0.510748 -0.0616052
0.149079 0.51868 0.0194736
0.173107 0.477292 -0.0388274
0.0446364 0.545392 0.00227055
0.31054 -0.112317 -0.050268
0.300612 -0.175559 -0.0100667
0.193762 -0.17934 -0.043046
-0.402868 0.526032 -0.0309468
-0.465276 0.576 -0.0469804
-0.422628 0.62086 -0.00431596
-0.296783 0.520204 0.0192821
-0.238767 0.476968 -0.04986
-0.324695 0.495552 -0.0784348
-0.255332 0.730832 -0.0128769
-0.407424 0.650988 0.00293538
-0.201388 0.761668 -0.0828324
-0.502016 0.64356 -0.0499168
-0.477596 0.664684 -0.0216546
-0.422628 0.62086 -0.00431596
-0.502016 0.64356 -0.0499168
-0.422628 0.62086 -0.00431596
-0.465276 0.576 -0.0469804
0.407564 -0.01592 -0.0368848
0.468164 -0.021776 0.0286438
0.389678 -0.103713 -0.0297253
-0.238767 0.476968 -0.04986
-0.225286 0.500344 0.0309058
-0.116343 0.49508 -0.0467956
-0.546964 -0.152153 0.0102498
-0.535948 -0.184724 -0.0488864
-0.5775 -0.220563 -0.000887412
-0.47514 0.742716 0.0135263
-0.46952 0.763964 0.0371493
-0.328031 0.877172 -0.0613324
-0.21123 0.77544 -0.00164714
-0.255332 0.730832 -0.0128769
-0.132322 0.778196 -0.075248
-0.301994 -0.193192 -0.0575412
-0.266489 -0.23152 0.071432
-0.339142 -0.22919 -0.0430548
-0.220401 0.953468 -0.0715596
-0.328031 0.877172 -0.0613324
-0.46952 0.763964 0.0371493
0.0443916 -0.185887 -0.0614336
0.0959968 -0.223946 -0.0893904
0.0150951 -0.226508 0.0371414
0.359612 0.11764 -0.000104771
0.323796 -0.021384 -0.035471
0.319713 0.050908 -0.0824428
-0.50696 0.712876 -0.0392806
-0.50384 0.73472 0.0160911
-0.477596 0.664684 -0.0216546
-0.402868 0.526032 -0.0309468
-0.370986 0.537948 0.0228994
-0.296783 0.520204 0.0192821
0.294018 0.316272 -0.0798776
0.330279 0.329532 0.023258
0.316808 0.257148 -0.0702668
-0.454868 -0.130686 -0.0386016
-0.470996 -0.110026 0.0294437
-0.426572 -0.08494 -0.050196
-0.44094 0.704956 -0.0178735
-0.422628 0.62086 -0.00431596
-0.477596 0.664684 -0.0216546
0.0959968 -0.223946 -0.0893904
0.163026 -0.223088 0.00274908
0.0150951 -0.226508 0.0371414
-0.675376 0.227412 -0.0340957
-0.702508 0.274216 0.0400444
-0.661576 0.322856 -0.0351949
-0.220401 0.953468 -0.0715596
-0.316394 0.833792 0.0258657
-0.182109 0.9686 -0.0891568
-0.47514 0.742716 0.0135263
-0.44094 0.704956 -0.0178735
-0.477596 0.664684 -0.0216546
-0.46952 0.763964 0.0371493
-0.374219 0.834172 0.0209942
-0.220401 0.953468 -0.0715596
-0.66356 0.162636 -0.0356042
-0.634456 0.100976 -0.0329989
-0.673188 0.120088 0.0397027
-0.116343 0.49508 -0.0467956
-0.225286 0.500344 0.0309058
-0.072914 0.531604 0.00934656
-0.585428 0.7445 0.0346163
-0.60004 0.765308 -0.0475604
-0.6187 0.723676 -0.00706104
-0.691616 0.495292 -0.0220064
-0.709088 0.578128 0.0319909
-0.644424 0.598636 -0.0272412
-0.44094 0.704956 -0.0178735
-0.407424 0.650988 0.00293538
-0.422628 0.62086 -0.00431596
0.359612 0.11764 -0.000104771
0.37595 0.075216 0.0412632
0.323796 -0.021384 -0.035471
-0.592252 0.083568 -0.0626636
-0.525188 0.00241601 -0.022148
-0.634456 0.100976 -0.0329989
0.193762 -0.17934 -0.043046
0.300612 -0.175559 -0.0100667
0.163026 -0.223088 0.00274908
-0.255332 0.730832 -0.0128769
-0.373199 0.664652 0.0487356
-0.407424 0.650988 0.00293538
-0.426572 -0.08494 -0.050196
-0.470996 -0.110026 0.0294437
-0.457496 -0.029756 0.00533836
-0.50384 0.73472 0.0160911
-0.47514 0.742716 0.0135263
-0.477596 0.664684 -0.0216546
-0.389729 -0.230536 -0.105958
-0.339142 -0.22919 -0.0430548
-0.525892 -0.2328 -0.0601544
0.431952 -0.096128 0.0139989
0.389678 -0.103713 -0.0297253
0.468164 -0.021776 0.0286438
0.360308 0.204892 0.00125418
0.359612 0.11764 -0.000104771
0.333906 0.127408 -0.0550648
-0.691616 0.495292 -0.0220064
-0.656116 0.38766 -0.00161456
-0.738232 0.426892 0.0723872
-0.0252317 -0.191982 0.04941
0.0443916 -0.185887 -0.0614336
0.0150951 -0.226508 0.0371414
-0.546964 -0.152153 0.0102498
-0.470996 -0.110026 0.0294437
-0.454868 -0.130686 -0.0386016
0.330279 0.329532 0.023258
0.26412 0.388696 -0.0507512
0.259708 0.442024 0.0353311
-0.634456 0.100976 -0.0329989
-0.525188 0.00241601 -0.022148
-0.608064 0.04532 0.0385146
0.330279 0.329532 0.023258
0.360308 0.204892 0.00125418
0.316808 0.257148 -0.0702668
0.300612 -0.175559 -0.0100667
0.389678 -0.103713 -0.0297253
0.361398 -0.169348 0.0367394
0.323796 -0.021384 -0.035471
0.37595 0.075216 0.0412632
0.407564 -0.01592 -0.0368848
-0.675376 0.227412 -0.0340957
-0.66356 0.162636 -0.0356042
-0.711292 0.204548 0.055636
-0.644424 0.598636 -0.0272412
-0.678592 0.703388 0.0480724
-0.61548 0.679584 -0.0414608
-0.644424 0.598636 -0.0272412
-0.675668 0.654792 0.0388244
-0.678592 0.703388 0.0480724
-0.644424 0.598636 -0.0272412
-0.709088 0.578128 0.0319909
-0.675668 0.654792 0.0388244
-0.661576 0.322856 -0.0351949
-0.682956 0.376072 0.05256
-0.656116 0.38766 -0.00161456
-0.369707 0.73332 0.0691984
-0.255332 0.730832 -0.0128769
-0.21123 0.77544 -0.00164714
-0.585428 0.7445 0.0346163
-0.562148 0.752888 -0.000810488
-0.60004 0.765308 -0.0475604
0.407564 -0.01592 -0.0368848
0.454996 0.052808 0.025389
0.468164 -0.021776 0.0286438
-0.554084 -0.0133 0.095194
-0.525188 0.00241601 -0.022148
-0.457496 -0.029756 0.00533836
-0.61548 0.679584 -0.0414608
-0.678592 0.703388 0.0480724
-0.6187 0.723676 -0.00706104
-0.422628 0.62086 -0.00431596
-0.370986 0.537948 0.0228994
-0.402868 0.526032 -0.0309468
0.259708 0.442024 0.0353311
0.173107 0.477292 -0.0388274
0.149079 0.51868 0.0194736
-0.072914 0.531604 0.00934656
0.0446364 0.545392 0.00227055
-0.0506736 0.510748 -0.0616052
-0.316394 0.833792 0.0258657
-0.220401 0.953468 -0.0715596
-0.374219 0.834172 0.0209942
-0.66356 0.162636 -0.0356042
-0.673188 0.120088 0.0397027
-0.711292 0.204548 0.055636
0.163026 -0.223088 0.00274908
0.300612 -0.175559 -0.0100667
0.266407 -0.218072 0.0756124
0.0443916 -0.185887 -0.0614336
-0.0252317 -0.191982 0.04941
-0.205307 -0.196947 0.102141
-0.50384 0.73472 0.0160911
-0.46952 0.763964 0.0371493
-0.47514 0.742716 0.0135263
-0.339142 -0.22919 -0.0430548
-0.390196 -0.231423 0.037255
-0.525892 -0.2328 -0.0601544
-0.5775 -0.220563 -0.000887412
-0.525892 -0.2328 -0.0601544
-0.55886 -0.224112 0.0951716
-0.369707 0.73332 0.0691984
-0.21123 0.77544 -0.00164714
-0.293194 0.806184 -0.013195
-0.702508 0.274216 0.0400444
-0.682956 0.376072 0.05256
-0.661576 0.322856 -0.0351949
-0.50696 0.712876 -0.0392806
-0.562148 0.752888 -0.000810488
-0.50384 0.73472 0.0160911
0.300612 -0.175559 -0.0100667
0.361398 -0.169348 0.0367394
0.266407 -0.218072 0.0756124
-0.691616 0.495292 -0.0220064
-0.739268 0.52882 0.0746944
-0.709088 0.578128 0.0319909
-0.369707 0.73332 0.0691984
-0.293194 0.806184 -0.013195
-0.316394 0.833792 0.0258657
0.407564 -0.01592 -0.0368848
0.37595 0.075216 0.0412632
0.454996 0.052808 0.025389
-0.339142 -0.22919 -0.0430548
-0.266489 -0.23152 0.071432
-0.390196 -0.231423 0.037255
-0.205307 -0.196947 0.102141
-0.266489 -0.23152 0.071432
-0.301994 -0.193192 -0.0575412
-0.369707 0.73332 0.0691984
-0.373199 0.664652 0.0487356
-0.255332 0.730832 -0.0128769
-0.422628 0.62086 -0.00431596
-0.407424 0.650988 0.00293538
-0.373199 0.664652 0.0487356
-0.582952 -0.20731 0.0615424
-0.546964 -0.152153 0.0102498
-0.5775 -0.220563 -0.000887412
-0.738232 0.426892 0.0723872
-0.739268 0.52882 0.0746944
-0.691616 0.495292 -0.0220064
0.361398 -0.169348 0.0367394
0.389678 -0.103713 -0.0297253
0.431952 -0.096128 0.0139989
-0.50384 0.73472 0.0160911
-0.562148 0.752888 -0.000810488
-0.585428 0.7445 0.0346163
-0.39679 0.647584 0.0744556
-0.370986 0.537948 0.0228994
-0.422628 0.62086 -0.00431596
0.330279 0.329532 0.023258
0.363189 0.255268 0.0593456
0.360308 0.204892 0.00125418
-0.238767 0.476968 -0.04986
-0.296783 0.520204 0.0192821
-0.225286 0.500344 0.0309058
-0.582952 -0.20731 0.0615424
-0.5775 -0.220563 -0.000887412
-0.55886 -0.224112 0.0951716
-0.46952 0.763964 0.0371493
-0.477804 0.74694 0.0696916
-0.374219 0.834172 0.0209942
0.49134 -0.00788799 0.0881264
0.468164 -0.021776 0.0286438
0.454996 0.052808 0.025389
0.0150951 -0.226508 0.0371414
0.163026 -0.223088 0.00274908
0.139926 -0.212172 0.0423592
-0.39679 0.647584 0.0744556
-0.422628 0.62086 -0.00431596
-0.373199 0.664652 0.0487356
0.360308 0.204892 0.00125418
0.37595 0.075216 0.0412632
0.359612 0.11764 -0.000104771
0.361398 -0.169348 0.0367394
0.431952 -0.096128 0.0139989
0.45882 -0.09496 0.0812088
-0.296783 0.520204 0.0192821
-0.370986 0.537948 0.0228994
-0.35049 0.537172 0.0816264
-0.673188 0.120088 0.0397027
-0.634456 0.100976 -0.0329989
-0.608064 0.04532 0.0385146
-0.546964 -0.152153 0.0102498
-0.54196 -0.147843 0.0646584
-0.470996 -0.110026 0.0294437
-0.525892 -0.2328 -0.0601544
-0.390196 -0.231423 0.037255
-0.438168 -0.232752 0.119964
-0.554084 -0.0133 0.095194
-0.457496 -0.029756 0.00533836
-0.456728 -0.041932 0.056794
-0.738232 0.426892 0.0723872
-0.656116 0.38766 -0.00161456
-0.682956 0.376072 0.05256
-0.608064 0.04532 0.0385146
-0.525188 0.00241601 -0.022148
-0.554084 -0.0133 0.095194
-0.525892 -0.2328 -0.0601544
-0.438168 -0.232752 0.119964
-0.495608 -0.225974 0.156612
0.0446364 0.545392 0.00227055
-0.072914 0.531604 0.00934656
-0.100213 0.537592 0.113665
-0.457496 -0.029756 0.00533836
-0.470996 -0.110026 0.0294437
-0.455212 -0.113301 0.0738388
0.149079 0.51868 0.0194736
0.0446364 0.545392 0.00227055
0.0839452 0.549864 0.128987
-0.582952 -0.20731 0.0615424
-0.54196 -0.147843 0.0646584
-0.546964 -0.152153 0.0102498
-0.390196 -0.231423 0.037255
-0.266489 -0.23152 0.071432
-0.360986 -0.214878 0.0704252
-0.477804 0.74694 0.0696916
-0.46952 0.763964 0.0371493
-0.50384 0.73472 0.0160911
0.45882 -0.09496 0.0812088
0.431952 -0.096128 0.0139989
0.468164 -0.021776 0.0286438
-0.072914 0.531604 0.00934656
-0.225286 0.500344 0.0309058
-0.100213 0.537592 0.113665
-0.525892 -0.2328 -0.0601544
-0.495608 -0.225974 0.156612
-0.55886 -0.224112 0.0951716
0.37595 0.075216 0.0412632
0.448816 0.083344 0.074486
0.454996 0.052808 0.025389
0.473576 0.059668 0.098528
0.49134 -0.00788799 0.0881264
0.454996 0.052808 0.025389
-0.457496 -0.029756 0.00533836
-0.455212 -0.113301 0.0738388
-0.456728 -0.041932 0.056794
-0.390196 -0.231423 0.037255
-0.360986 -0.214878 0.0704252
-0.438168 -0.232752 0.119964
-0.608064 0.04532 0.0385146
-0.642084 0.071796 0.122293
-0.673188 0.120088 0.0397027
-0.702508 0.274216 0.0400444
-0.717376 0.306924 0.125165
-0.682956 0.376072 0.05256
-0.388433 0.591556 0.124946
-0.370986 0.537948 0.0228994
-0.39679 0.647584 0.0744556
0.448816 0.083344 0.074486
0.473576 0.059668 0.098528
0.454996 0.052808 0.025389
-0.711292 0.204548 0.055636
-0.702508 0.274216 0.0400444
-0.675376 0.227412 -0.0340957
-0.585428 0.7445 0.0346163
-0.6187 0.723676 -0.00706104
-0.675824 0.735536 0.142461
-0.437992 0.742328 0.0957016
-0.374219 0.834172 0.0209942
-0.477804 0.74694 0.0696916
0.314019 0.364952 0.105842
0.363189 0.255268 0.0593456
0.330279 0.329532 0.023258
-0.678592 0.703388 0.0480724
-0.675668 0.654792 0.0388244
-0.731336 0.696984 0.115047
0.0150951 -0.226508 0.0371414
0.139926 -0.212172 0.0423592
0.0165605 -0.229894 0.120329
0.330279 0.329532 0.023258
0.259708 0.442024 0.0353311
0.314019 0.364952 0.105842
0.0446364 0.545392 0.00227055
-0.100213 0.537592 0.113665
0.0162592 0.55546 0.128105
-0.682956 0.376072 0.05256
-0.717376 0.306924 0.125165
-0.69536 0.369644 0.119464
-0.405148 0.696072 0.102559
-0.39679 0.647584 0.0744556
-0.373199 0.664652 0.0487356
-0.54196 -0.147843 0.0646584
-0.455212 -0.113301 0.0738388
-0.470996 -0.110026 0.0294437
0.0446364 0.545392 0.00227055
0.0162592 0.55546 0.128105
0.0839452 0.549864 0.128987
-0.437992 0.742328 0.0957016
-0.316394 0.833792 0.0258657
-0.374219 0.834172 0.0209942
0.45882 -0.09496 0.0812088
0.468164 -0.021776 0.0286438
0.49134 -0.00788799 0.0881264
-0.709088 0.578128 0.0319909
-0.727648 0.587428 0.134407
-0.675668 0.654792 0.0388244
-0.405148 0.696072 0.102559
-0.373199 0.664652 0.0487356
-0.369707 0.73332 0.0691984
-0.673188 0.120088 0.0397027
-0.642084 0.071796 0.122293
-0.687816 0.139752 0.12577
-0.405148 0.696072 0.102559
-0.369707 0.73332 0.0691984
-0.316394 0.833792 0.0258657
-0.388433 0.591556 0.124946
-0.35049 0.537172 0.0816264
-0.370986 0.537948 0.0228994
0.163026 -0.223088 0.00274908
0.178829 -0.215344 0.144908
0.139926 -0.212172 0.0423592
0.375991 0.08812 0.128461
0.360308 0.204892 0.00125418
0.363189 0.255268 0.0593456
0.37595 0.075216 0.0412632
0.360308 0.204892 0.00125418
0.375991 0.08812 0.128461
-0.217569 0.502152 0.132042
-0.100213 0.537592 0.113665
-0.225286 0.500344 0.0309058
-0.711292 0.204548 0.055636
-0.717376 0.306924 0.125165
-0.702508 0.274216 0.0400444
0.163026 -0.223088 0.00274908
0.266407 -0.218072 0.0756124
0.178829 -0.215344 0.144908
-0.54196 -0.147843 0.0646584
-0.582952 -0.20731 0.0615424
-0.55886 -0.224112 0.0951716
-0.217569 0.502152 0.132042
-0.296783 0.520204 0.0192821
-0.35049 0.537172 0.0816264
-0.316394 0.833792 0.0258657
-0.437992 0.742328 0.0957016
-0.405148 0.696072 0.102559
-0.709088 0.578128 0.0319909
-0.739268 0.52882 0.0746944
-0.727648 0.587428 0.134407
-0.586528 0.021592 0.140683
-0.608064 0.04532 0.0385146
-0.554084 -0.0133 0.095194
-0.0252317 -0.191982 0.04941
0.0150951 -0.226508 0.0371414
-0.025615 -0.192982 0.155626
-0.225286 0.500344 0.0309058
-0.296783 0.520204 0.0192821
-0.217569 0.502152 0.132042
0.361398 -0.169348 0.0367394
0.45882 -0.09496 0.0812088
0.408144 -0.143503 0.143183
0.448816 0.083344 0.074486
0.37595 0.075216 0.0412632
0.375991 0.08812 0.128461
-0.642084 0.071796 0.122293
-0.608064 0.04532 0.0385146
-0.586528 0.021592 0.140683
-0.360986 -0.214878 0.0704252
-0.266489 -0.23152 0.071432
-0.288622 -0.217414 0.11094
0.176594 0.507048 0.16465
0.259708 0.442024 0.0353311
0.149079 0.51868 0.0194736
-0.673188 0.120088 0.0397027
-0.687816 0.139752 0.12577
-0.711292 0.204548 0.055636
-0.731336 0.696984 0.115047
-0.675668 0.654792 0.0388244
-0.733308 0.636892 0.131542
0.483588 0.028656 0.13267
0.49134 -0.00788799 0.0881264
0.473576 0.059668 0.098528
0.352027 0.263348 0.17211
0.363189 0.255268 0.0593456
0.314019 0.364952 0.105842
-0.456728 -0.041932 0.056794
-0.401296 -0.059804 0.124777
-0.554084 -0.0133 0.095194
-0.266489 -0.23152 0.071432
-0.205307 -0.196947 0.102141
-0.245325 -0.229679 0.13702
-0.456728 -0.041932 0.056794
-0.455212 -0.113301 0.0738388
-0.399902 -0.113737 0.134339
-0.682956 0.376072 0.05256
-0.69536 0.369644 0.119464
-0.731664 0.408168 0.139877
-0.266489 -0.23152 0.071432
-0.245325 -0.229679 0.13702
-0.288622 -0.217414 0.11094
-0.217569 0.502152 0.132042
-0.35049 0.537172 0.0816264
-0.344474 0.522524 0.13427
-0.205307 -0.196947 0.102141
-0.0252317 -0.191982 0.04941
-0.025615 -0.192982 0.155626
0.361398 -0.169348 0.0367394
0.408144 -0.143503 0.143183
0.266407 -0.218072 0.0756124
-0.025615 -0.192982 0.155626
0.0150951 -0.226508 0.0371414
0.0165605 -0.229894 0.120329
-0.733308 0.636892 0.131542
-0.675668 0.654792 0.0388244
-0.727648 0.587428 0.134407
0.149079 0.51868 0.0194736
0.0839452 0.549864 0.128987
0.176594 0.507048 0.16465
-0.731336 0.696984 0.115047
-0.6187 0.723676 -0.00706104
-0.678592 0.703388 0.0480724
-0.738232 0.426892 0.0723872
-0.682956 0.376072 0.05256
-0.731664 0.408168 0.139877
-0.456728 -0.041932 0.056794
-0.399902 -0.113737 0.134339
-0.401296 -0.059804 0.124777
-0.50384 0.73472 0.0160911
-0.585428 0.7445 0.0346163
-0.477804 0.74694 0.0696916
0.473576 0.059668 0.098528
0.448816 0.083344 0.074486
0.433192 0.083904 0.158712
-0.52368 0.750256 0.205893
-0.437992 0.742328 0.0957016
-0.477804 0.74694 0.0696916
-0.738232 0.426892 0.0723872
-0.755552 0.521192 0.169373
-0.739268 0.52882 0.0746944
-0.675824 0.735536 0.142461
-0.6187 0.723676 -0.00706104
-0.731336 0.696984 0.115047
-0.711292 0.204548 0.055636
-0.687816 0.139752 0.12577
-0.68662 0.179588 0.18375
0.178829 -0.215344 0.144908
0.0165605 -0.229894 0.120329
0.139926 -0.212172 0.0423592
-0.344474 0.522524 0.13427
-0.35049 0.537172 0.0816264
-0.388433 0.591556 0.124946
0.375991 0.08812 0.128461
0.363189 0.255268 0.0593456
0.352027 0.263348 0.17211
-0.455212 -0.113301 0.0738388
-0.54196 -0.147843 0.0646584
-0.471704 -0.18091 0.160745
0.448816 0.083344 0.074486
0.375991 0.08812 0.128461
0.433192 0.083904 0.158712
-0.424704 -0.147301 0.151442
-0.399902 -0.113737 0.134339
-0.455212 -0.113301 0.0738388
-0.300984 0.498172 0.194594
-0.217569 0.502152 0.132042
-0.344474 0.522524 0.13427
-0.360986 -0.214878 0.0704252
-0.288622 -0.217414 0.11094
-0.290758 -0.225256 0.251384
-0.455212 -0.113301 0.0738388
-0.471704 -0.18091 0.160745
-0.424704 -0.147301 0.151442
-0.438168 -0.232752 0.119964
-0.360986 -0.214878 0.0704252
-0.290758 -0.225256 0.251384
-0.419304 -0.043488 0.164149
-0.554084 -0.0133 0.095194
-0.401296 -0.059804 0.124777
0.465116 -0.066572 0.170024
0.45882 -0.09496 0.0812088
0.49134 -0.00788799 0.0881264
-0.586528 0.021592 0.140683
-0.554084 -0.0133 0.095194
-0.527748 0.013696 0.221334
-0.55886 -0.224112 0.0951716
-0.495608 -0.225974 0.156612
-0.54196 -0.147843 0.0646584
-0.739268 0.52882 0.0746944
-0.755552 0.521192 0.169373
-0.727648 0.587428 0.134407
-0.717376 0.306924 0.125165
-0.711292 0.204548 0.055636
-0.71456 0.23124 0.179281
-0.54196 -0.147843 0.0646584
-0.495608 -0.225974 0.156612
-0.471704 -0.18091 0.160745
0.314019 0.364952 0.105842
0.259708 0.442024 0.0353311
0.252468 0.441744 0.189534
-0.71456 0.23124 0.179281
-0.711292 0.204548 0.055636
-0.68662 0.179588 0.18375
0.178829 -0.215344 0.144908
0.266407 -0.218072 0.0756124
0.17374 -0.22085 0.187142
-0.52368 0.750256 0.205893
-0.585428 0.7445 0.0346163
-0.675824 0.735536 0.142461
0.463692 0.031596 0.191956
0.473576 0.059668 0.098528
0.433192 0.083904 0.158712
0.433192 0.083904 0.158712
0.375991 0.08812 0.128461
0.359632 0.060488 0.189694
0.266407 -0.218072 0.0756124
0.310618 -0.174425 0.203427
0.17374 -0.22085 0.187142
0.0165605 -0.229894 0.120329
0.178829 -0.215344 0.144908
0.0764764 -0.221079 0.210682
0.473576 0.059668 0.098528
0.463692 0.031596 0.191956
0.483588 0.028656 0.13267
-0.0557168 0.5338 0.20992
0.0162592 0.55546 0.128105
-0.100213 0.537592 0.113665
-0.444228 0.727124 0.230124
-0.405148 0.696072 0.102559
-0.437992 0.742328 0.0957016
0.252468 0.441744 0.189534
0.259708 0.442024 0.0353311
0.176594 0.507048 0.16465
-0.738232 0.426892 0.0723872
-0.751528 0.4588 0.180628
-0.755552 0.521192 0.169373
0.266407 -0.218072 0.0756124
0.408144 -0.143503 0.143183
0.310618 -0.174425 0.203427
-0.731664 0.408168 0.139877
-0.751528 0.4588 0.180628
-0.738232 0.426892 0.0723872
-0.477804 0.74694 0.0696916
-0.585428 0.7445 0.0346163
-0.52368 0.750256 0.205893
0.465116 -0.066572 0.170024
0.408144 -0.143503 0.143183
0.45882 -0.09496 0.0812088
0.483588 0.028656 0.13267
0.465116 -0.066572 0.170024
0.49134 -0.00788799 0.0881264
-0.419304 -0.043488 0.164149
-0.401296 -0.059804 0.124777
-0.399902 -0.113737 0.134339
-0.0557168 0.5338 0.20992
-0.100213 0.537592 0.113665
-0.217569 0.502152 0.132042
-0.527748 0.013696 0.221334
-0.554084 -0.0133 0.095194
-0.419304 -0.043488 0.164149
-0.687816 0.139752 0.12577
-0.642084 0.071796 0.122293
-0.615684 0.07556 0.21953
-0.719364 0.632456 0.234275
-0.731336 0.696984 0.115047
-0.733308 0.636892 0.131542
-0.727648 0.587428 0.134407
-0.719364 0.632456 0.234275
-0.733308 0.636892 0.131542
0.314019 0.364952 0.105842
0.305234 0.352888 0.209906
0.352027 0.263348 0.17211
-0.614052 0.733432 0.229209
-0.52368 0.750256 0.205893
-0.675824 0.735536 0.142461
-0.388433 0.591556 0.124946
-0.39679 0.647584 0.0744556
-0.4314 0.61476 0.229368
-0.675824 0.735536 0.142461
-0.731336 0.696984 0.115047
-0.71142 0.701028 0.206301
-0.444228 0.727124 0.230124
-0.437992 0.742328 0.0957016
-0.52368 0.750256 0.205893
-0.676032 0.349308 0.19991
-0.667352 0.387332 0.232404
-0.69536 0.369644 0.119464
0.0165605 -0.229894 0.120329
0.0764764 -0.221079 0.210682
-0.025615 -0.192982 0.155626
0.465116 -0.066572 0.170024
0.399342 -0.124306 0.192431
0.408144 -0.143503 0.143183
0.408144 -0.143503 0.143183
0.399342 -0.124306 0.192431
0.310618 -0.174425 0.203427
-0.751528 0.4588 0.180628
-0.731664 0.408168 0.139877
-0.729808 0.433236 0.220996
0.0764764 -0.221079 0.210682
0.178829 -0.215344 0.144908
0.17374 -0.22085 0.187142
-0.687816 0.139752 0.12577
-0.615684 0.07556 0.21953
-0.68662 0.179588 0.18375
-0.731664 0.408168 0.139877
-0.69536 0.369644 0.119464
-0.729808 0.433236 0.220996
0.0972692 0.525372 0.21741
0.176594 0.507048 0.16465
0.0839452 0.549864 0.128987
0.351799 0.172872 0.206403
0.375991 0.08812 0.128461
0.352027 0.263348 0.17211
0.17374 -0.22085 0.187142
0.310618 -0.174425 0.203427
0.251681 -0.18441 0.211719
-0.727648 0.587428 0.134407
-0.711344 0.59746 0.216588
-0.719364 0.632456 0.234275
0.0972692 0.525372 0.21741
0.0839452 0.549864 0.128987
0.0162592 0.55546 0.128105
-0.729808 0.433236 0.220996
-0.69536 0.369644 0.119464
-0.667352 0.387332 0.232404
-0.69536 0.369644 0.119464
-0.717376 0.306924 0.125165
-0.676032 0.349308 0.19991
0.463692 0.031596 0.191956
0.433192 0.083904 0.158712
0.411904 0.046388 0.21257
-0.354301 0.495596 0.183313
-0.300984 0.498172 0.194594
-0.344474 0.522524 0.13427
-0.642084 0.071796 0.122293
-0.586528 0.021592 0.140683
-0.615684 0.07556 0.21953
-0.533564 -0.221902 0.232229
-0.471704 -0.18091 0.160745
-0.495608 -0.225974 0.156612
-0.471704 -0.18091 0.160745
-0.510692 -0.159676 0.222849
-0.424704 -0.147301 0.151442
0.465116 -0.066572 0.170024
0.483588 0.028656 0.13267
0.463692 0.031596 0.191956
0.305234 0.352888 0.209906
0.314019 0.364952 0.105842
0.252468 0.441744 0.189534
-0.424704 -0.147301 0.151442
-0.42412 -0.100815 0.234642
-0.399902 -0.113737 0.134339
-0.444228 0.727124 0.230124
-0.39679 0.647584 0.0744556
-0.405148 0.696072 0.102559
-0.4314 0.61476 0.229368
-0.344474 0.522524 0.13427
-0.388433 0.591556 0.124946
-0.290758 -0.225256 0.251384
-0.288622 -0.217414 0.11094
-0.245325 -0.229679 0.13702
-0.399902 -0.113737 0.134339
-0.42412 -0.100815 0.234642
-0.419304 -0.043488 0.164149
0.0972692 0.525372 0.21741
0.0162592 0.55546 0.128105
-0.0557168 0.5338 0.20992
-0.680816 0.710384 0.2389
-0.614052 0.733432 0.229209
-0.675824 0.735536 0.142461
0.0764764 -0.221079 0.210682
0.0670456 -0.187149 0.256941
-0.025615 -0.192982 0.155626
-0.731336 0.696984 0.115047
-0.719364 0.632456 0.234275
-0.71142 0.701028 0.206301
-0.717376 0.306924 0.125165
-0.71456 0.23124 0.179281
-0.676032 0.349308 0.19991
0.411904 0.046388 0.21257
0.433192 0.083904 0.158712
0.359632 0.060488 0.189694
0.430964 -0.053196 0.220098
0.465116 -0.066572 0.170024
0.463692 0.031596 0.191956
0.0764764 -0.221079 0.210682
0.17374 -0.22085 0.187142
0.0773956 -0.221588 0.292451
-0.680816 0.710384 0.2389
-0.675824 0.735536 0.142461
-0.71142 0.701028 0.206301
-0.127317 0.4728 0.271159
-0.0557168 0.5338 0.20992
-0.217569 0.502152 0.132042
-0.471704 -0.18091 0.160745
-0.533564 -0.221902 0.232229
-0.510692 -0.159676 0.222849
-0.68662 0.179588 0.18375
-0.615684 0.07556 0.21953
-0.667704 0.152732 0.231946
0.359632 0.060488 0.189694
0.375991 0.08812 0.128461
0.351799 0.172872 0.206403
-0.615684 0.07556 0.21953
-0.586528 0.021592 0.140683
-0.527748 0.013696 0.221334
0.17374 -0.22085 0.187142
0.251681 -0.18441 0.211719
0.211568 -0.181374 0.247186
0.399342 -0.124306 0.192431
0.465116 -0.066572 0.170024
0.430964 -0.053196 0.220098
-0.510692 -0.159676 0.222849
-0.42412 -0.100815 0.234642
-0.424704 -0.147301 0.151442
-0.354301 0.495596 0.183313
-0.344474 0.522524 0.13427
-0.4314 0.61476 0.229368
-0.419304 -0.043488 0.164149
-0.411928 0.00115597 0.260809
-0.527748 0.013696 0.221334
-0.751528 0.4588 0.180628
-0.735152 0.522212 0.255953
-0.755552 0.521192 0.169373
-0.727648 0.587428 0.134407
-0.755552 0.521192 0.169373
-0.711344 0.59746 0.216588
-0.205307 -0.196947 0.102141
-0.025615 -0.192982 0.155626
-0.244119 -0.191634 0.283663
-0.495608 -0.225974 0.156612
-0.438168 -0.232752 0.119964
-0.314864 -0.22063 0.338226
0.252468 0.441744 0.189534
0.176594 0.507048 0.16465
0.15567 0.465228 0.26564
-0.127317 0.4728 0.271159
-0.217569 0.502152 0.132042
-0.218277 0.456996 0.236782
-0.444228 0.727124 0.230124
-0.4314 0.61476 0.229368
-0.39679 0.647584 0.0744556
0.305234 0.352888 0.209906
0.252468 0.441744 0.189534
0.230506 0.42102 0.251514
-0.411928 0.00115597 0.260809
-0.419304 -0.043488 0.164149
-0.407136 -0.061112 0.256187
-0.676032 0.349308 0.19991
-0.615708 0.36366 0.286795
-0.667352 0.387332 0.232404
0.292158 0.245972 0.299704
0.352027 0.263348 0.17211
0.305234 0.352888 0.209906
-0.217569 0.502152 0.132042
-0.300984 0.498172 0.194594
-0.292586 0.456204 0.241373
-0.751528 0.4588 0.180628
-0.729808 0.433236 0.220996
-0.735152 0.522212 0.255953
-0.245325 -0.229679 0.13702
-0.205307 -0.196947 0.102141
-0.244119 -0.191634 0.283663
-0.218277 0.456996 0.236782
-0.217569 0.502152 0.132042
-0.292586 0.456204 0.241373
-0.495608 -0.225974 0.156612
-0.314864 -0.22063 0.338226
-0.533564 -0.221902 0.232229
-0.71456 0.23124 0.179281
-0.659064 0.280672 0.254263
-0.676032 0.349308 0.19991
-0.39489 0.535656 0.247748
-0.384681 0.450552 0.242404
-0.354301 0.495596 0.183313
-0.419304 -0.043488 0.164149
-0.42412 -0.100815 0.234642
-0.407136 -0.061112 0.256187
0.15567 0.465228 0.26564
0.176594 0.507048 0.16465
0.0972692 0.525372 0.21741
0.399342 -0.124306 0.192431
0.344566 -0.104436 0.262606
0.310618 -0.174425 0.203427
0.383006 -0.02086 0.253344
0.463692 0.031596 0.191956
0.411904 0.046388 0.21257
0.399342 -0.124306 0.192431
0.430964 -0.053196 0.220098
0.344566 -0.104436 0.262606
0.230506 0.42102 0.251514
0.252468 0.441744 0.189534
0.15567 0.465228 0.26564
-0.245325 -0.229679 0.13702
-0.244119 -0.191634 0.283663
-0.290758 -0.225256 0.251384
-0.354301 0.495596 0.183313
-0.4314 0.61476 0.229368
-0.39489 0.535656 0.247748
-0.300984 0.498172 0.194594
-0.354301 0.495596 0.183313
-0.292586 0.456204 0.241373
0.383006 -0.02086 0.253344
0.430964 -0.053196 0.220098
0.463692 0.031596 0.191956
0.352027 0.263348 0.17211
0.292158 0.245972 0.299704
0.351799 0.172872 0.206403
0.0772836 0.491168 0.270088
0.0972692 0.525372 0.21741
-0.0557168 0.5338 0.20992
-0.71456 0.23124 0.179281
-0.68662 0.179588 0.18375
-0.667704 0.152732 0.231946
0.0764764 -0.221079 0.210682
0.0773956 -0.221588 0.292451
0.0670456 -0.187149 0.256941
-0.438168 -0.232752 0.119964
-0.290758 -0.225256 0.251384
-0.314864 -0.22063 0.338226
-0.71456 0.23124 0.179281
-0.667704 0.152732 0.231946
-0.60738 0.21646 0.316724
-0.71456 0.23124 0.179281
-0.60738 0.21646 0.316724
-0.659064 0.280672 0.254263
0.383006 -0.02086 0.253344
0.411904 0.046388 0.21257
0.359632 0.060488 0.189694
0.351799 0.172872 0.206403
0.306959 0.116284 0.281718
0.359632 0.060488 0.189694
-0.473604 0.695864 0.284
-0.4314 0.61476 0.229368
-0.444228 0.727124 0.230124
-0.676032 0.349308 0.19991
-0.659064 0.280672 0.254263
-0.598812 0.3396 0.293064
0.318169 -0.024344 0.246213
0.383006 -0.02086 0.253344
0.359632 0.060488 0.189694
0.15567 0.465228 0.26564
0.0972692 0.525372 0.21741
0.0772836 0.491168 0.270088
0.306959 0.116284 0.281718
0.351799 0.172872 0.206403
0.292158 0.245972 0.299704
-0.676032 0.349308 0.19991
-0.598812 0.3396 0.293064
-0.615708 0.36366 0.286795
0.383006 -0.02086 0.253344
0.344566 -0.104436 0.262606
0.430964 -0.053196 0.220098
0.251681 -0.18441 0.211719
0.310618 -0.174425 0.203427
0.344566 -0.104436 0.262606
-0.755552 0.521192 0.169373
-0.735152 0.522212 0.255953
-0.711344 0.59746 0.216588
-0.0654536 0.469336 0.294849
-0.0557168 0.5338 0.20992
-0.127317 0.4728 0.271159
0.344566 -0.104436 0.262606
0.267375 -0.111124 0.250786
0.251681 -0.18441 0.211719
-0.384681 0.450552 0.242404
-0.292586 0.456204 0.241373
-0.354301 0.495596 0.183313
0.211568 -0.181374 0.247186
0.251681 -0.18441 0.211719
0.267375 -0.111124 0.250786
-0.510692 -0.159676 0.222849
-0.507688 -0.13662 0.282583
-0.42412 -0.100815 0.234642
-0.719112 0.560648 0.320818
-0.719364 0.632456 0.234275
-0.711344 0.59746 0.216588
-0.569732 0.079608 0.283145
-0.615684 0.07556 0.21953
-0.527748 0.013696 0.221334
-0.533564 -0.221902 0.232229
-0.537164 -0.209223 0.28588
-0.510692 -0.159676 0.222849
0.318169 -0.024344 0.246213
0.359632 0.060488 0.189694
0.306959 0.116284 0.281718
-0.729808 0.433236 0.220996
-0.727384 0.40486 0.29809
-0.7479 0.469992 0.327952
-0.0654536 0.469336 0.294849
0.0772836 0.491168 0.270088
-0.0557168 0.5338 0.20992
-0.283578 0.400488 0.279291
-0.218277 0.456996 0.236782
-0.292586 0.456204 0.241373
-0.515116 0.711332 0.296776
-0.444228 0.727124 0.230124
-0.52368 0.750256 0.205893
-0.60738 0.21646 0.316724
-0.667704 0.152732 0.231946
-0.62506 0.172772 0.29414
-0.496724 0.601864 0.287926
-0.4314 0.61476 0.229368
-0.473604 0.695864 0.284
-0.729808 0.433236 0.220996
-0.7479 0.469992 0.327952
-0.735152 0.522212 0.255953
0.318169 -0.024344 0.246213
0.267375 -0.111124 0.250786
0.344566 -0.104436 0.262606
-0.537164 -0.209223 0.28588
-0.507688 -0.13662 0.282583
-0.510692 -0.159676 0.222849
-0.667704 0.152732 0.231946
-0.615684 0.07556 0.21953
-0.62506 0.172772 0.29414
0.344566 -0.104436 0.262606
0.383006 -0.02086 0.253344
0.318169 -0.024344 0.246213
-0.407136 -0.061112 0.256187
-0.42412 -0.100815 0.234642
-0.394265 -0.095456 0.28502
-0.025615 -0.192982 0.155626
0.0670456 -0.187149 0.256941
-0.113733 -0.18577 0.314415
-0.729808 0.433236 0.220996
-0.667352 0.387332 0.232404
-0.727384 0.40486 0.29809
0.230506 0.42102 0.251514
0.219789 0.366452 0.299027
0.305234 0.352888 0.209906
0.219789 0.366452 0.299027
0.292158 0.245972 0.299704
0.305234 0.352888 0.209906
-0.598812 0.3396 0.293064
-0.659064 0.280672 0.254263
-0.581168 0.274932 0.325723
-0.527748 0.013696 0.221334
-0.411928 0.00115597 0.260809
-0.483924 0.083496 0.3254
-0.411928 0.00115597 0.260809
-0.407136 -0.061112 0.256187
-0.394265 -0.095456 0.28502
0.279428 -0.007604 0.310624
0.318169 -0.024344 0.246213
0.306959 0.116284 0.281718
-0.473604 0.695864 0.284
-0.444228 0.727124 0.230124
-0.515116 0.711332 0.296776
-0.533564 -0.221902 0.232229
-0.314864 -0.22063 0.338226
-0.480612 -0.22284 0.360153
-0.290758 -0.225256 0.251384
-0.244119 -0.191634 0.283663
-0.23538 -0.22189 0.337068
0.267375 -0.111124 0.250786
0.318169 -0.024344 0.246213
0.279428 -0.007604 0.310624
-0.71142 0.701028 0.206301
-0.70034 0.626732 0.315958
-0.680816 0.710384 0.2389
-0.71142 0.701028 0.206301
-0.719364 0.632456 0.234275
-0.719112 0.560648 0.320818
0.267375 -0.111124 0.250786
0.143965 -0.204116 0.346626
0.211568 -0.181374 0.247186
-0.569732 0.079608 0.283145
-0.527748 0.013696 0.221334
-0.483924 0.083496 0.3254
-0.615684 0.07556 0.21953
-0.569732 0.079608 0.283145
-0.62506 0.172772 0.29414
-0.4314 0.61476 0.229368
-0.456896 0.505984 0.323324
-0.39489 0.535656 0.247748
-0.292586 0.456204 0.241373
-0.350548 0.346792 0.325754
-0.283578 0.400488 0.279291
-0.711344 0.59746 0.216588
-0.735152 0.522212 0.255953
-0.719112 0.560648 0.320818
-0.384681 0.450552 0.242404
-0.350548 0.346792 0.325754
-0.292586 0.456204 0.241373
-0.63668 0.6745 0.332815
-0.614052 0.733432 0.229209
-0.680816 0.710384 0.2389
-0.384681 0.450552 0.242404
-0.39489 0.535656 0.247748
-0.456896 0.505984 0.323324
-0.496724 0.601864 0.287926
-0.456896 0.505984 0.323324
-0.4314 0.61476 0.229368
-0.025615 -0.192982 0.155626
-0.113733 -0.18577 0.314415
-0.244119 -0.191634 0.283663
-0.60738 0.21646 0.316724
-0.581168 0.274932 0.325723
-0.659064 0.280672 0.254263
-0.439824 0.41248 0.282217
-0.407432 0.374668 0.306836
-0.384681 0.450552 0.242404
-0.411928 0.00115597 0.260809
-0.394265 -0.095456 0.28502
-0.345586 0.03654 0.330947
-0.515116 0.711332 0.296776
-0.52368 0.750256 0.205893
-0.614052 0.733432 0.229209
0.143965 -0.204116 0.346626
0.267375 -0.111124 0.250786
0.229283 -0.110223 0.291862
0.149287 0.371012 0.319793
0.230506 0.42102 0.251514
0.15567 0.465228 0.26564
-0.71142 0.701028 0.206301
-0.719112 0.560648 0.320818
-0.70034 0.626732 0.315958
-0.735152 0.522212 0.255953
-0.7479 0.469992 0.327952
-0.719112 0.560648 0.320818
0.229283 -0.110223 0.291862
0.267375 -0.111124 0.250786
0.279428 -0.007604 0.310624
-0.218441 0.372848 0.312554
-0.127317 0.4728 0.271159
-0.218277 0.456996 0.236782
0.219789 0.366452 0.299027
0.230506 0.42102 0.251514
0.149287 0.371012 0.319793
0.17374 -0.22085 0.187142
0.211568 -0.181374 0.247186
0.135354 -0.218834 0.331754
-0.515116 0.711332 0.296776
-0.614052 0.733432 0.229209
-0.63668 0.6745 0.332815
0.00874832 0.429832 0.324762
0.0772836 0.491168 0.270088
-0.0654536 0.469336 0.294849
-0.218441 0.372848 0.312554
-0.218277 0.456996 0.236782
-0.283578 0.400488 0.279291
-0.439824 0.41248 0.282217
-0.492324 0.415532 0.301756
-0.533508 0.379736 0.302063
0.0773956 -0.221588 0.292451
-0.113733 -0.18577 0.314415
0.0670456 -0.187149 0.256941
-0.384681 0.450552 0.242404
-0.407432 0.374668 0.306836
-0.350548 0.346792 0.325754
-0.350548 0.346792 0.325754
-0.319118 0.293664 0.334542
-0.283578 0.400488 0.279291
-0.22494 -0.069232 0.289246
-0.216984 0.015676 0.305674
-0.290359 -0.067036 0.309608
0.2224 0.319188 0.318573
0.292158 0.245972 0.299704
0.219789 0.366452 0.299027
0.264602 0.176092 0.336748
0.306959 0.116284 0.281718
0.292158 0.245972 0.299704
0.143965 -0.204116 0.346626
0.135354 -0.218834 0.331754
0.211568 -0.181374 0.247186
-0.439824 0.41248 0.282217
-0.384681 0.450552 0.242404
-0.456896 0.505984 0.323324
0.15567 0.465228 0.26564
0.094946 0.378164 0.318212
0.149287 0.371012 0.319793
0.0772836 0.491168 0.270088
0.094946 0.378164 0.318212
0.15567 0.465228 0.26564
-0.533508 0.379736 0.302063
-0.407432 0.374668 0.306836
-0.439824 0.41248 0.282217
0.00874832 0.429832 0.324762
0.094946 0.378164 0.318212
0.0772836 0.491168 0.270088
-0.402908 0.10598 0.343492
-0.483924 0.083496 0.3254
-0.411928 0.00115597 0.260809
-0.70034 0.626732 0.315958
-0.63668 0.6745 0.332815
-0.680816 0.710384 0.2389
-0.496724 0.601864 0.287926
-0.473604 0.695864 0.284
-0.515116 0.711332 0.296776
-0.667352 0.387332 0.232404
-0.615708 0.36366 0.286795
-0.727384 0.40486 0.29809
-0.290359 -0.067036 0.309608
-0.216984 0.015676 0.305674
-0.2454 0.138868 0.333101
-0.402908 0.10598 0.343492
-0.411928 0.00115597 0.260809
-0.380193 0.09196 0.336447
-0.537164 -0.209223 0.28588
-0.533564 -0.221902 0.232229
-0.51512 -0.217086 0.336883
-0.615708 0.36366 0.286795
-0.598812 0.3396 0.293064
-0.533508 0.379736 0.302063
-0.490964 0.486692 0.348137
-0.492324 0.415532 0.301756
-0.439824 0.41248 0.282217
-0.382622 -0.117454 0.318506
-0.342648 -0.093992 0.313794
-0.394265 -0.095456 0.28502
0.213954 -0.015636 0.351312
0.229283 -0.110223 0.291862
0.279428 -0.007604 0.310624
-0.490964 0.486692 0.348137
-0.456896 0.505984 0.323324
-0.496724 0.601864 0.287926
-0.290359 -0.067036 0.309608
-0.265923 -0.09588 0.309186
-0.22494 -0.069232 0.289246
-0.411928 0.00115597 0.260809
-0.345586 0.03654 0.330947
-0.380193 0.09196 0.336447
0.0773956 -0.221588 0.292451
0.17374 -0.22085 0.187142
0.135354 -0.218834 0.331754
-0.237551 0.308064 0.345831
-0.218441 0.372848 0.312554
-0.283578 0.400488 0.279291
0.149287 0.371012 0.319793
0.2224 0.319188 0.318573
0.219789 0.366452 0.299027
0.213954 -0.015636 0.351312
0.279428 -0.007604 0.310624
0.306959 0.116284 0.281718
-0.290758 -0.225256 0.251384
-0.23538 -0.22189 0.337068
-0.314864 -0.22063 0.338226
-0.345586 0.03654 0.330947
-0.394265 -0.095456 0.28502
-0.342648 -0.093992 0.313794
-0.319118 0.293664 0.334542
-0.237551 0.308064 0.345831
-0.283578 0.400488 0.279291
-0.537164 -0.209223 0.28588
-0.51512 -0.217086 0.336883
-0.507688 -0.13662 0.282583
-0.515264 0.294476 0.33904
-0.533508 0.379736 0.302063
-0.598812 0.3396 0.293064
-0.445848 0.309328 0.341692
-0.407432 0.374668 0.306836
-0.533508 0.379736 0.302063
-0.507688 -0.13662 0.282583
-0.469836 -0.143558 0.355646
-0.42412 -0.100815 0.234642
-0.51512 -0.217086 0.336883
-0.469836 -0.143558 0.355646
-0.507688 -0.13662 0.282583
0.213954 -0.015636 0.351312
0.306959 0.116284 0.281718
0.218856 0.063036 0.346306
-0.394265 -0.095456 0.28502
-0.42412 -0.100815 0.234642
-0.469836 -0.143558 0.355646
-0.113733 -0.18577 0.314415
0.0773956 -0.221588 0.292451
-0.144107 -0.223003 0.360811
-0.290359 -0.067036 0.309608
-0.342648 -0.093992 0.313794
-0.265923 -0.09588 0.309186
-0.113733 -0.18577 0.314415
-0.144107 -0.223003 0.360811
-0.244119 -0.191634 0.283663
-0.345586 0.03654 0.330947
-0.342648 -0.093992 0.313794
-0.290359 -0.067036 0.309608
-0.290359 -0.067036 0.309608
-0.2454 0.138868 0.333101
-0.296853 8.79765e-05 0.328312
-0.342648 -0.093992 0.313794
-0.309022 -0.156974 0.332758
-0.265923 -0.09588 0.309186
-0.345586 0.03654 0.330947
-0.290359 -0.067036 0.309608
-0.296853 8.79765e-05 0.328312
-0.456896 0.505984 0.323324
-0.490964 0.486692 0.348137
-0.439824 0.41248 0.282217
-0.0259113 0.3698 0.351655
0.094946 0.378164 0.318212
0.00874832 0.429832 0.324762
-0.127317 0.4728 0.271159
-0.142088 0.368 0.33455
-0.0654536 0.469336 0.294849
-0.218441 0.372848 0.312554
-0.142088 0.368 0.33455
-0.127317 0.4728 0.271159
-0.144107 -0.223003 0.360811
-0.23538 -0.22189 0.337068
-0.244119 -0.191634 0.283663
-0.581168 0.274932 0.325723
-0.515264 0.294476 0.33904
-0.598812 0.3396 0.293064
-0.615708 0.36366 0.286795
-0.533508 0.379736 0.302063
-0.55678 0.401056 0.387338
-0.391096 0.273892 0.352872
-0.350548 0.346792 0.325754
-0.407432 0.374668 0.306836
-0.515116 0.711332 0.296776
-0.549052 0.559056 0.382234
-0.496724 0.601864 0.287926
-0.549052 0.559056 0.382234
-0.490964 0.486692 0.348137
-0.496724 0.601864 0.287926
-0.727384 0.40486 0.29809
-0.615708 0.36366 0.286795
-0.69704 0.40304 0.35663
-0.382622 -0.117454 0.318506
-0.309022 -0.156974 0.332758
-0.342648 -0.093992 0.313794
0.163986 -0.053308 0.384529
0.229283 -0.110223 0.291862
0.213954 -0.015636 0.351312
0.163986 -0.053308 0.384529
0.136524 -0.117863 0.348898
0.229283 -0.110223 0.291862
-0.533564 -0.221902 0.232229
-0.480612 -0.22284 0.360153
-0.51512 -0.217086 0.336883
0.218856 0.063036 0.346306
0.306959 0.116284 0.281718
0.264602 0.176092 0.336748
-0.144107 -0.223003 0.360811
0.0773956 -0.221588 0.292451
0.135354 -0.218834 0.331754
-0.569732 0.079608 0.283145
-0.525948 0.186128 0.358994
-0.62506 0.172772 0.29414
-0.142088 0.368 0.33455
-0.0259113 0.3698 0.351655
-0.0654536 0.469336 0.294849
-0.237551 0.308064 0.345831
-0.142088 0.368 0.33455
-0.218441 0.372848 0.312554
0.2224 0.319188 0.318573
0.224776 0.241904 0.353699
0.292158 0.245972 0.299704
-0.296853 8.79765e-05 0.328312
-0.2454 0.138868 0.333101
-0.260032 0.172964 0.337858
-0.69704 0.40304 0.35663
-0.615708 0.36366 0.286795
-0.637428 0.39226 0.370229
0.094946 0.378164 0.318212
0.144432 0.320352 0.370726
0.149287 0.371012 0.319793
-0.62506 0.172772 0.29414
-0.525948 0.186128 0.358994
-0.60738 0.21646 0.316724
-0.525948 0.186128 0.358994
-0.569732 0.079608 0.283145
-0.483924 0.083496 0.3254
-0.469836 -0.143558 0.355646
-0.382622 -0.117454 0.318506
-0.394265 -0.095456 0.28502
-0.615708 0.36366 0.286795
-0.55678 0.401056 0.387338
-0.637428 0.39226 0.370229
-0.379876 -0.153184 0.350898
-0.309022 -0.156974 0.332758
-0.382622 -0.117454 0.318506
-0.515264 0.294476 0.33904
-0.445848 0.309328 0.341692
-0.533508 0.379736 0.302063
-0.296853 8.79765e-05 0.328312
-0.260032 0.172964 0.337858
-0.345586 0.03654 0.330947
0.224776 0.241904 0.353699
0.264602 0.176092 0.336748
0.292158 0.245972 0.299704
-0.309022 -0.156974 0.332758
-0.271599 -0.165667 0.395086
-0.265923 -0.09588 0.309186
-0.581168 0.274932 0.325723
-0.60738 0.21646 0.316724
-0.515264 0.294476 0.33904
0.136524 -0.117863 0.348898
0.143965 -0.204116 0.346626
0.229283 -0.110223 0.291862
-0.350548 0.346792 0.325754
-0.391096 0.273892 0.352872
-0.319118 0.293664 0.334542
-0.198691 0.149192 0.433924
-0.2454 0.138868 0.333101
-0.169637 0.067576 0.414096
-0.445848 0.309328 0.341692
-0.391096 0.273892 0.352872
-0.407432 0.374668 0.306836
-0.260032 0.172964 0.337858
-0.2454 0.138868 0.333101
-0.233602 0.222572 0.356998
-0.380193 0.09196 0.336447
-0.30298 0.158856 0.349449
-0.335674 0.193548 0.340528
-0.345586 0.03654 0.330947
-0.260032 0.172964 0.337858
-0.30298 0.158856 0.349449
-0.0259113 0.3698 0.351655
0.00874832 0.429832 0.324762
-0.0654536 0.469336 0.294849
-0.380193 0.09196 0.336447
-0.345586 0.03654 0.330947
-0.30298 0.158856 0.349449
-0.525948 0.186128 0.358994
-0.483924 0.083496 0.3254
-0.434088 0.17518 0.364993
-0.335674 0.193548 0.340528
-0.319118 0.293664 0.334542
-0.391096 0.273892 0.352872
-0.319118 0.293664 0.334542
-0.335674 0.193548 0.340528
-0.289685 0.229608 0.352381
-0.380446 0.193504 0.360278
-0.380193 0.09196 0.336447
-0.335674 0.193548 0.340528
-0.402908 0.10598 0.343492
-0.380193 0.09196 0.336447
-0.380446 0.193504 0.360278
-0.101204 0.310472 0.351414
-0.0259113 0.3698 0.351655
-0.142088 0.368 0.33455
-0.314864 -0.22063 0.338226
-0.309022 -0.156974 0.332758
-0.428336 -0.200995 0.379117
-0.70034 0.626732 0.315958
-0.68056 0.56264 0.38385
-0.63668 0.6745 0.332815
-0.60738 0.21646 0.316724
-0.525948 0.186128 0.358994
-0.515264 0.294476 0.33904
-0.2454 0.138868 0.333101
-0.216984 0.015676 0.305674
-0.169637 0.067576 0.414096
0.207666 0.124736 0.377584
0.264602 0.176092 0.336748
0.224776 0.241904 0.353699
-0.289685 0.229608 0.352381
-0.30298 0.158856 0.349449
-0.260032 0.172964 0.337858
-0.379876 -0.153184 0.350898
-0.428336 -0.200995 0.379117
-0.309022 -0.156974 0.332758
-0.289685 0.229608 0.352381
-0.260032 0.172964 0.337858
-0.233602 0.222572 0.356998
-0.380446 0.193504 0.360278
-0.335674 0.193548 0.340528
-0.391096 0.273892 0.352872
-0.55678 0.401056 0.387338
-0.533508 0.379736 0.302063
-0.492324 0.415532 0.301756
-0.727384 0.40486 0.29809
-0.69704 0.40304 0.35663
-0.7479 0.469992 0.327952
-0.30298 0.158856 0.349449
-0.289685 0.229608 0.352381
-0.335674 0.193548 0.340528
-0.524076 0.449012 0.404844
-0.492324 0.415532 0.301756
-0.490964 0.486692 0.348137
0.144432 0.320352 0.370726
0.224776 0.241904 0.353699
0.2224 0.319188 0.318573
0.264602 0.176092 0.336748
0.207666 0.124736 0.377584
0.218856 0.063036 0.346306
-0.216984 0.015676 0.305674
-0.22494 -0.069232 0.289246
-0.171752 -0.090464 0.360726
-0.483924 0.083496 0.3254
-0.402908 0.10598 0.343492
-0.434088 0.17518 0.364993
-0.434088 0.17518 0.364993
-0.459936 0.240424 0.361373
-0.525948 0.186128 0.358994
-0.7479 0.469992 0.327952
-0.68056 0.56264 0.38385
-0.719112 0.560648 0.320818
0.094946 0.378164 0.318212
-0.0259113 0.3698 0.351655
0.0105018 0.31424 0.354834
0.144432 0.320352 0.370726
0.2224 0.319188 0.318573
0.149287 0.371012 0.319793
-0.101204 0.310472 0.351414
0.0105018 0.31424 0.354834
-0.0259113 0.3698 0.351655
-0.434088 0.17518 0.364993
-0.380446 0.193504 0.360278
-0.445848 0.309328 0.341692
-0.515264 0.294476 0.33904
-0.459936 0.240424 0.361373
-0.445848 0.309328 0.341692
-0.695052 0.454288 0.383175
-0.7479 0.469992 0.327952
-0.69704 0.40304 0.35663
-0.63114 0.617948 0.381653
-0.515116 0.711332 0.296776
-0.63668 0.6745 0.332815
-0.402908 0.10598 0.343492
-0.380446 0.193504 0.360278
-0.434088 0.17518 0.364993
-0.319118 0.293664 0.334542
-0.289685 0.229608 0.352381
-0.237551 0.308064 0.345831
-0.142088 0.368 0.33455
-0.205136 0.255784 0.360392
-0.101204 0.310472 0.351414
-0.445848 0.309328 0.341692
-0.380446 0.193504 0.360278
-0.391096 0.273892 0.352872
-0.719112 0.560648 0.320818
-0.68056 0.56264 0.38385
-0.70034 0.626732 0.315958
-0.382622 -0.117454 0.318506
-0.469836 -0.143558 0.355646
-0.379876 -0.153184 0.350898
-0.51512 -0.217086 0.336883
-0.480612 -0.22284 0.360153
-0.469836 -0.143558 0.355646
-0.22494 -0.069232 0.289246
-0.210039 -0.117827 0.396176
-0.171752 -0.090464 0.360726
-0.237551 0.308064 0.345831
-0.205136 0.255784 0.360392
-0.142088 0.368 0.33455
-0.289685 0.229608 0.352381
-0.233602 0.222572 0.356998
-0.205136 0.255784 0.360392
-0.445848 0.309328 0.341692
-0.459936 0.240424 0.361373
-0.434088 0.17518 0.364993
-0.289685 0.229608 0.352381
-0.205136 0.255784 0.360392
-0.237551 0.308064 0.345831
-0.549052 0.559056 0.382234
-0.542544 0.486464 0.42266
-0.490964 0.486692 0.348137
-0.23538 -0.22189 0.337068
-0.229879 -0.21593 0.423604
-0.314864 -0.22063 0.338226
-0.525948 0.186128 0.358994
-0.459936 0.240424 0.361373
-0.515264 0.294476 0.33904
0.0105018 0.31424 0.354834
0.0610816 0.288064 0.392943
0.094946 0.378164 0.318212
0.187068 0.177024 0.393717
0.207666 0.124736 0.377584
0.224776 0.241904 0.353699
0.143965 -0.204116 0.346626
0.136524 -0.117863 0.348898
0.0575232 -0.155403 0.363148
-0.314864 -0.22063 0.338226
-0.428336 -0.200995 0.379117
-0.480612 -0.22284 0.360153
-0.562064 0.629316 0.366597
-0.549052 0.559056 0.382234
-0.515116 0.711332 0.296776
-0.7479 0.469992 0.327952
-0.695052 0.454288 0.383175
-0.68056 0.56264 0.38385
-0.265923 -0.09588 0.309186
-0.210039 -0.117827 0.396176
-0.22494 -0.069232 0.289246
-0.515116 0.711332 0.296776
-0.63114 0.617948 0.381653
-0.562064 0.629316 0.366597
0.144432 0.320352 0.370726
0.187068 0.177024 0.393717
0.224776 0.241904 0.353699
0.110699 -0.055172 0.403648
0.136524 -0.117863 0.348898
0.163986 -0.053308 0.384529
0.0610816 0.288064 0.392943
0.144432 0.320352 0.370726
0.094946 0.378164 0.318212
-0.55678 0.401056 0.387338
-0.492324 0.415532 0.301756
-0.524076 0.449012 0.404844
0.154296 0.019352 0.391266
0.213954 -0.015636 0.351312
0.218856 0.063036 0.346306
-0.469836 -0.143558 0.355646
-0.428336 -0.200995 0.379117
-0.379876 -0.153184 0.350898
0.135354 -0.218834 0.331754
0.143965 -0.204116 0.346626
-0.0905344 -0.215642 0.397726
-0.63668 0.6745 0.332815
-0.68056 0.56264 0.38385
-0.63114 0.617948 0.381653
0.0574772 -0.09532 0.41736
0.136524 -0.117863 0.348898
0.110699 -0.055172 0.403648
0.0575232 -0.155403 0.363148
-0.0905344 -0.215642 0.397726
0.143965 -0.204116 0.346626
-0.6041 0.422112 0.413412
-0.637428 0.39226 0.370229
-0.55678 0.401056 0.387338
-0.0905344 -0.215642 0.397726
0.0575232 -0.155403 0.363148
-0.019702 -0.141302 0.374481
-0.169637 0.067576 0.414096
-0.216984 0.015676 0.305674
-0.136383 0.000371993 0.420652
0.154296 0.019352 0.391266
0.163986 -0.053308 0.384529
0.213954 -0.015636 0.351312
-0.216984 0.015676 0.305674
-0.171752 -0.090464 0.360726
-0.136383 0.000371993 0.420652
0.0574772 -0.09532 0.41736
0.0575232 -0.155403 0.363148
0.136524 -0.117863 0.348898
-0.480612 -0.22284 0.360153
-0.428336 -0.200995 0.379117
-0.469836 -0.143558 0.355646
-0.23538 -0.22189 0.337068
-0.144107 -0.223003 0.360811
-0.229879 -0.21593 0.423604
-0.271599 -0.165667 0.395086
-0.210039 -0.117827 0.396176
-0.265923 -0.09588 0.309186
0.154296 0.019352 0.391266
0.218856 0.063036 0.346306
0.207666 0.124736 0.377584
-0.2454 0.138868 0.333101
-0.198691 0.149192 0.433924
-0.233602 0.222572 0.356998
0.147674 0.242156 0.384511
0.187068 0.177024 0.393717
0.144432 0.320352 0.370726
-0.68056 0.56264 0.38385
-0.695052 0.454288 0.383175
-0.67786 0.512368 0.398314
-0.542544 0.486464 0.42266
-0.524076 0.449012 0.404844
-0.490964 0.486692 0.348137
-0.144107 -0.223003 0.360811
0.135354 -0.218834 0.331754
-0.0905344 -0.215642 0.397726
-0.314864 -0.22063 0.338226
-0.271599 -0.165667 0.395086
-0.309022 -0.156974 0.332758
-0.695052 0.454288 0.383175
-0.69704 0.40304 0.35663
-0.637428 0.39226 0.370229
-0.210039 -0.117827 0.396176
-0.122961 -0.111082 0.386122
-0.171752 -0.090464 0.360726
0.144432 0.320352 0.370726
0.0610816 0.288064 0.392943
0.147674 0.242156 0.384511
-0.63114 0.617948 0.381653
-0.617172 0.546908 0.427648
-0.562064 0.629316 0.366597
-0.101204 0.310472 0.351414
-0.205136 0.255784 0.360392
-0.139216 0.257608 0.427936
-0.00866024 0.277904 0.42988
0.0610816 0.288064 0.392943
0.0105018 0.31424 0.354834
0.110699 -0.055172 0.403648
0.163986 -0.053308 0.384529
0.154296 0.019352 0.391266
-0.122961 -0.111082 0.386122
-0.136383 0.000371993 0.420652
-0.171752 -0.090464 0.360726
-0.695052 0.454288 0.383175
-0.637428 0.39226 0.370229
-0.67786 0.512368 0.398314
-0.314864 -0.22063 0.338226
-0.229879 -0.21593 0.423604
-0.271599 -0.165667 0.395086
-0.00866024 0.277904 0.42988
0.0105018 0.31424 0.354834
-0.101204 0.310472 0.351414
0.0736628 -0.029428 0.420548
0.110699 -0.055172 0.403648
0.154296 0.019352 0.391266
-0.637428 0.39226 0.370229
-0.63894 0.498728 0.417124
-0.67786 0.512368 0.398314
-0.617172 0.546908 0.427648
-0.549052 0.559056 0.382234
-0.562064 0.629316 0.366597
-0.00866024 0.277904 0.42988
-0.101204 0.310472 0.351414
-0.139216 0.257608 0.427936
-0.0107994 -0.08044 0.43416
-0.122961 -0.111082 0.386122
-0.019702 -0.141302 0.374481
-0.0107994 -0.08044 0.43416
-0.019702 -0.141302 0.374481
0.0575232 -0.155403 0.363148
0.114749 0.121688 0.435112
0.154296 0.019352 0.391266
0.207666 0.124736 0.377584
0.147674 0.242156 0.384511
0.0610816 0.288064 0.392943
0.105107 0.22188 0.427208
-0.18456 -0.203312 0.43234
-0.0905344 -0.215642 0.397726
-0.019702 -0.141302 0.374481
-0.637428 0.39226 0.370229
-0.6041 0.422112 0.413412
-0.63894 0.498728 0.417124
-0.122961 -0.111082 0.386122
-0.18754 -0.146189 0.430852
-0.019702 -0.141302 0.374481
0.114749 0.121688 0.435112
0.207666 0.124736 0.377584
0.187068 0.177024 0.393717
-0.570608 0.449692 0.425468
-0.55678 0.401056 0.387338
-0.524076 0.449012 0.404844
-0.617172 0.546908 0.427648
-0.542544 0.486464 0.42266
-0.549052 0.559056 0.382234
-0.570608 0.449692 0.425468
-0.6041 0.422112 0.413412
-0.55678 0.401056 0.387338
-0.0107994 -0.08044 0.43416
0.0575232 -0.155403 0.363148
0.0574772 -0.09532 0.41736
-0.63114 0.617948 0.381653
-0.68056 0.56264 0.38385
-0.617172 0.546908 0.427648
-0.229879 -0.21593 0.423604
-0.144107 -0.223003 0.360811
-0.0905344 -0.215642 0.397726
-0.210039 -0.117827 0.396176
-0.271599 -0.165667 0.395086
-0.18754 -0.146189 0.430852
0.114749 0.121688 0.435112
0.100061 0.026076 0.427016
0.154296 0.019352 0.391266
-0.18456 -0.203312 0.43234
-0.019702 -0.141302 0.374481
-0.18754 -0.146189 0.430852
-0.136383 0.000371993 0.420652
-0.122961 -0.111082 0.386122
-0.0708484 -0.014336 0.443328
-0.210039 -0.117827 0.396176
-0.18754 -0.146189 0.430852
-0.122961 -0.111082 0.386122
0.0736628 -0.029428 0.420548
0.154296 0.019352 0.391266
0.100061 0.026076 0.427016
-0.205136 0.255784 0.360392
-0.233602 0.222572 0.356998
-0.139216 0.257608 0.427936
-0.68056 0.56264 0.38385
-0.67786 0.512368 0.398314
-0.617172 0.546908 0.427648
0.114749 0.121688 0.435112
0.187068 0.177024 0.393717
0.147674 0.242156 0.384511
-0.0708484 -0.014336 0.443328
-0.122961 -0.111082 0.386122
-0.0107994 -0.08044 0.43416
-0.63894 0.498728 0.417124
-0.617172 0.546908 0.427648
-0.67786 0.512368 0.398314
0.105107 0.22188 0.427208
0.062602 0.12368 0.448324
0.147674 0.242156 0.384511
-0.542544 0.486464 0.42266
-0.570608 0.449692 0.425468
-0.524076 0.449012 0.404844
-0.0905344 -0.215642 0.397726
-0.18456 -0.203312 0.43234
-0.229879 -0.21593 0.423604
0.0574772 -0.09532 0.41736
0.110699 -0.055172 0.403648
0.0736628 -0.029428 0.420548
-0.617172 0.546908 0.427648
-0.63894 0.498728 0.417124
-0.542544 0.486464 0.42266
-0.63894 0.498728 0.417124
-0.6041 0.422112 0.413412
-0.570608 0.449692 0.425468
0.0610816 0.288064 0.392943
-0.00866024 0.277904 0.42988
0.105107 0.22188 0.427208
-0.229879 -0.21593 0.423604
-0.18754 -0.146189 0.430852
-0.271599 -0.165667 0.395086
0.00115879 -0.038164 0.43622
-0.0107994 -0.08044 0.43416
0.0574772 -0.09532 0.41736
0.062602 0.12368 0.448324
0.114749 0.121688 0.435112
0.147674 0.242156 0.384511
-0.570608 0.449692 0.425468
-0.542544 0.486464 0.42266
-0.63894 0.498728 0.417124
-0.233602 0.222572 0.356998
-0.150671 0.188944 0.455636
-0.139216 0.257608 0.427936
0.00115879 -0.038164 0.43622
0.0574772 -0.09532 0.41736
0.0736628 -0.029428 0.420548
0.114749 0.121688 0.435112
0.062602 0.12368 0.448324
0.100061 0.026076 0.427016
-0.0708484 -0.014336 0.443328
-0.0107994 -0.08044 0.43416
0.00115879 -0.038164 0.43622
-0.233602 0.222572 0.356998
-0.198691 0.149192 0.433924
-0.150671 0.188944 0.455636
0.00899216 0.00430399 0.4548
0.0736628 -0.029428 0.420548
0.100061 0.026076 0.427016
-0.229879 -0.21593 0.423604
-0.18456 -0.203312 0.43234
-0.18754 -0.146189 0.430852
0.00115879 -0.038164 0.43622
0.0736628 -0.029428 0.420548
0.00899216 0.00430399 0.4548
-0.136383 0.000371993 0.420652
-0.138759 0.1382 0.456288
-0.169637 0.067576 0.414096
-0.169637 0.067576 0.414096
-0.138759 0.1382 0.456288
-0.198691 0.149192 0.433924
-0.0708484 -0.014336 0.443328
0.00115879 -0.038164 0.43622
0.00899216 0.00430399 0.4548
-0.139216 0.257608 0.427936
-0.0749256 0.233668 0.451564
-0.00866024 0.277904 0.42988
-0.136383 0.000371993 0.420652
-0.0987228 0.045256 0.4337
-0.138759 0.1382 0.456288
-0.0987228 0.045256 0.4337
-0.136383 0.000371993 0.420652
-0.0708484 -0.014336 0.443328
-0.138759 0.1382 0.456288
-0.0987228 0.045256 0.4337
-0.0281703 0.094512 0.472816
-0.00866024 0.277904 0.42988
0.0235889 0.190376 0.4574
0.105107 0.22188 0.427208
-0.0142225 0.048676 0.45178
0.100061 0.026076 0.427016
0.062602 0.12368 0.448324
-0.00866024 0.277904 0.42988
-0.0749256 0.233668 0.451564
0.0235889 0.190376 0.4574
-0.0142225 0.048676 0.45178
0.00899216 0.00430399 0.4548
0.100061 0.026076 0.427016
-0.0708484 -0.014336 0.443328
-0.0142225 0.048676 0.45178
-0.0987228 0.045256 0.4337
-0.0142225 0.048676 0.45178
-0.0708484 -0.014336 0.443328
0.00899216 0.00430399 0.4548
-0.0281703 0.094512 0.472816
-0.0142225 0.048676 0.45178
0.018352 0.122168 0.453552
0.018352 0.122168 0.453552
-0.0142225 0.048676 0.45178
0.062602 0.12368 0.448324
-0.150671 0.188944 0.455636
-0.0749256 0.233668 0.451564
-0.139216 0.257608 0.427936
-0.198691 0.149192 0.433924
-0.138759 0.1382 0.456288
-0.150671 0.188944 0.455636
0.062602 0.12368 0.448324
0.105107 0.22188 0.427208
0.0235889 0.190376 0.4574
-0.150671 0.188944 0.455636
-0.0614584 0.156016 0.462216
-0.0749256 0.233668 0.451564
-0.0749256 0.233668 0.451564
-0.0614584 0.156016 0.462216
0.0235889 0.190376 0.4574
-0.0281703 0.094512 0.472816
-0.0987228 0.045256 0.4337
-0.0142225 0.048676 0.45178
0.018352 0.122168 0.453552
0.062602 0.12368 0.448324
0.0235889 0.190376 0.4574
-0.0614584 0.156016 0.462216
0.018352 0.122168 0.453552
0.0235889 0.190376 0.4574
-0.150671 0.188944 0.455636
-0.138759 0.1382 0.456288
-0.0614584 0.156016 0.462216
-0.0614584 0.156016 0.462216
-0.0281703 0.094512 0.472816
0.018352 0.122168 0.453552
-0.138759 0.1382 0.456288
-0.0281703 0.094512 0.472816
-0.0614584 0.156016 0.462216
